# Solver: SOR
# RadialSteps: 10
# AngularSteps: 50
# DeltaR: 3.000000000000e-03
# DeltaTheta: 1.256637061436e-01
# Tolerance: 1.000000000000e-10
# MaximumIterations: 250000
# Iterations: 24109
# Converged: True
# ResidualNorm: 2.142647492263e-07
# Omega: 1.500000
# UnifiedIndex	RadialIndex	AngularIndex	Radius	Theta	X	Y	Temperature
0	0	0	2.000000000000e-02	0.000000000000e+00	2.000000000000e-02	0.000000000000e+00	1.094250074185e+02
1	0	1	2.000000000000e-02	1.256637061436e-01	1.984229402629e-02	2.506664671286e-03	1.099988749267e+02
2	0	2	2.000000000000e-02	2.513274122872e-01	1.937166322257e-02	4.973797743297e-03	1.105859137052e+02
3	0	3	2.000000000000e-02	3.769911184308e-01	1.859552971777e-02	7.362491053694e-03	1.111748111762e+02
4	0	4	2.000000000000e-02	5.026548245744e-01	1.752613360088e-02	9.635073482034e-03	1.117531838298e+02
5	0	5	2.000000000000e-02	6.283185307180e-01	1.618033988750e-02	1.175570504585e-02	1.123081424077e+02
6	0	6	2.000000000000e-02	7.539822368616e-01	1.457937254843e-02	1.369094211857e-02	1.128268602949e+02
7	0	7	2.000000000000e-02	8.796459430051e-01	1.274847979497e-02	1.541026485552e-02	1.132970886171e+02
8	0	8	2.000000000000e-02	1.005309649149e+00	1.071653589958e-02	1.688655851004e-02	1.137075943990e+02
9	0	9	2.000000000000e-02	1.130973355292e+00	8.515585831301e-03	1.809654104932e-02	1.140485181969e+02
10	0	10	2.000000000000e-02	1.256637061436e+00	6.180339887499e-03	1.902113032590e-02	1.143116566756e+02
11	0	11	2.000000000000e-02	1.382300767580e+00	3.747626291714e-03	1.964574501457e-02	1.144906780133e+02
12	0	12	2.000000000000e-02	1.507964473723e+00	1.255810390586e-03	1.996053456857e-02	1.145812772995e+02
13	0	13	2.000000000000e-02	1.633628179867e+00	-1.255810390586e-03	1.996053456857e-02	1.145812772997e+02
14	0	14	2.000000000000e-02	1.759291886010e+00	-3.747626291714e-03	1.964574501457e-02	1.144906780140e+02
15	0	15	2.000000000000e-02	1.884955592154e+00	-6.180339887499e-03	1.902113032590e-02	1.143116566768e+02
16	0	16	2.000000000000e-02	2.010619298297e+00	-8.515585831301e-03	1.809654104932e-02	1.140485181985e+02
17	0	17	2.000000000000e-02	2.136283004441e+00	-1.071653589958e-02	1.688655851004e-02	1.137075944011e+02
18	0	18	2.000000000000e-02	2.261946710585e+00	-1.274847979497e-02	1.541026485552e-02	1.132970886197e+02
19	0	19	2.000000000000e-02	2.387610416728e+00	-1.457937254843e-02	1.369094211857e-02	1.128268602979e+02
20	0	20	2.000000000000e-02	2.513274122872e+00	-1.618033988750e-02	1.175570504585e-02	1.123081424112e+02
21	0	21	2.000000000000e-02	2.638937829015e+00	-1.752613360088e-02	9.635073482034e-03	1.117531838338e+02
22	0	22	2.000000000000e-02	2.764601535159e+00	-1.859552971777e-02	7.362491053694e-03	1.111748111807e+02
23	0	23	2.000000000000e-02	2.890265241303e+00	-1.937166322257e-02	4.973797743297e-03	1.105859137101e+02
24	0	24	2.000000000000e-02	3.015928947446e+00	-1.984229402629e-02	2.506664671286e-03	1.099988749321e+02
25	0	25	2.000000000000e-02	3.141592653590e+00	-2.000000000000e-02	-6.432490598707e-18	1.094250074244e+02
26	0	26	2.000000000000e-02	3.267256359733e+00	-1.984229402629e-02	-2.506664671286e-03	1.088740840567e+02
27	0	27	2.000000000000e-02	3.392920065877e+00	-1.937166322257e-02	-4.973797743297e-03	1.083540705833e+02
28	0	28	2.000000000000e-02	3.518583772021e+00	-1.859552971777e-02	-7.362491053694e-03	1.078711133019e+02
29	0	29	2.000000000000e-02	3.644247478164e+00	-1.752613360088e-02	-9.635073482034e-03	1.074297324920e+02
30	0	30	2.000000000000e-02	3.769911184308e+00	-1.618033988750e-02	-1.175570504585e-02	1.070331210170e+02
31	0	31	2.000000000000e-02	3.895574890451e+00	-1.457937254843e-02	-1.369094211857e-02	1.066834590897e+02
32	0	32	2.000000000000e-02	4.021238596595e+00	-1.274847979497e-02	-1.541026485552e-02	1.063821927045e+02
33	0	33	2.000000000000e-02	4.146902302739e+00	-1.071653589958e-02	-1.688655851004e-02	1.061302558184e+02
34	0	34	2.000000000000e-02	4.272566008882e+00	-8.515585831301e-03	-1.809654104932e-02	1.059282361042e+02
35	0	35	2.000000000000e-02	4.398229715026e+00	-6.180339887499e-03	-1.902113032590e-02	1.057764927704e+02
36	0	36	2.000000000000e-02	4.523893421169e+00	-3.747626291714e-03	-1.964574501457e-02	1.056752369291e+02
37	0	37	2.000000000000e-02	4.649557127313e+00	-1.255810390586e-03	-1.996053456857e-02	1.056245838084e+02
38	0	38	2.000000000000e-02	4.775220833456e+00	1.255810390586e-03	-1.996053456857e-02	1.056245838086e+02
39	0	39	2.000000000000e-02	4.900884539600e+00	3.747626291715e-03	-1.964574501457e-02	1.056752369298e+02
40	0	40	2.000000000000e-02	5.026548245744e+00	6.180339887499e-03	-1.902113032590e-02	1.057764927716e+02
41	0	41	2.000000000000e-02	5.152211951887e+00	8.515585831301e-03	-1.809654104932e-02	1.059282361058e+02
42	0	42	2.000000000000e-02	5.277875658031e+00	1.071653589958e-02	-1.688655851004e-02	1.061302558205e+02
43	0	43	2.000000000000e-02	5.403539364174e+00	1.274847979497e-02	-1.541026485552e-02	1.063821927071e+02
44	0	44	2.000000000000e-02	5.529203070318e+00	1.457937254843e-02	-1.369094211857e-02	1.066834590928e+02
45	0	45	2.000000000000e-02	5.654866776462e+00	1.618033988750e-02	-1.175570504585e-02	1.070331210205e+02
46	0	46	2.000000000000e-02	5.780530482605e+00	1.752613360088e-02	-9.635073482034e-03	1.074297324960e+02
47	0	47	2.000000000000e-02	5.906194188749e+00	1.859552971777e-02	-7.362491053694e-03	1.078711133063e+02
48	0	48	2.000000000000e-02	6.031857894892e+00	1.937166322257e-02	-4.973797743297e-03	1.083540705882e+02
49	0	49	2.000000000000e-02	6.157521601036e+00	1.984229402629e-02	-2.506664671286e-03	1.088740840620e+02
50	1	0	2.300000000000e-02	0.000000000000e+00	2.300000000000e-02	0.000000000000e+00	1.094086616895e+02
51	1	1	2.300000000000e-02	1.256637061436e-01	2.281863813023e-02	2.882664371979e-03	1.099894915323e+02
52	1	2	2.300000000000e-02	2.513274122872e-01	2.227741270596e-02	5.719867404792e-03	1.105845895561e+02
53	1	3	2.300000000000e-02	3.769911184308e-01	2.138485917543e-02	8.466864711748e-03	1.111823092202e+02
54	1	4	2.300000000000e-02	5.026548245744e-01	2.015505364101e-02	1.108033450434e-02	1.117698643691e+02
55	1	5	2.300000000000e-02	6.283185307180e-01	1.860739087062e-02	1.351906080273e-02	1.123339608145e+02
56	1	6	2.300000000000e-02	7.539822368616e-01	1.676627843069e-02	1.574458343636e-02	1.128614049781e+02
57	1	7	2.300000000000e-02	8.796459430051e-01	1.466075176422e-02	1.772180458384e-02	1.133396358357e+02
58	1	8	2.300000000000e-02	1.005309649149e+00	1.232401628452e-02	1.941954228655e-02	1.137571656291e+02
59	1	9	2.300000000000e-02	1.130973355292e+00	9.792923705997e-03	2.081102220672e-02	1.141039336023e+02
60	1	10	2.300000000000e-02	1.256637061436e+00	7.107390870624e-03	2.187429987479e-02	1.143715829634e+02
61	1	11	2.300000000000e-02	1.382300767580e+00	4.309770235472e-03	2.259260676676e-02	1.145536711818e+02
62	1	12	2.300000000000e-02	1.507964473723e+00	1.444181949174e-03	2.295461475385e-02	1.146458215617e+02
63	1	13	2.300000000000e-02	1.633628179867e+00	-1.444181949174e-03	2.295461475385e-02	1.146458215619e+02
64	1	14	2.300000000000e-02	1.759291886010e+00	-4.309770235472e-03	2.259260676676e-02	1.145536711825e+02
65	1	15	2.300000000000e-02	1.884955592154e+00	-7.107390870624e-03	2.187429987479e-02	1.143715829645e+02
66	1	16	2.300000000000e-02	2.010619298297e+00	-9.792923705997e-03	2.081102220672e-02	1.141039336039e+02
67	1	17	2.300000000000e-02	2.136283004441e+00	-1.232401628452e-02	1.941954228655e-02	1.137571656312e+02
68	1	18	2.300000000000e-02	2.261946710585e+00	-1.466075176422e-02	1.772180458384e-02	1.133396358383e+02
69	1	19	2.300000000000e-02	2.387610416728e+00	-1.676627843069e-02	1.574458343636e-02	1.128614049812e+02
70	1	20	2.300000000000e-02	2.513274122872e+00	-1.860739087062e-02	1.351906080273e-02	1.123339608180e+02
71	1	21	2.300000000000e-02	2.638937829015e+00	-2.015505364101e-02	1.108033450434e-02	1.117698643730e+02
72	1	22	2.300000000000e-02	2.764601535159e+00	-2.138485917543e-02	8.466864711748e-03	1.111823092246e+02
73	1	23	2.300000000000e-02	2.890265241303e+00	-2.227741270596e-02	5.719867404792e-03	1.105845895611e+02
74	1	24	2.300000000000e-02	3.015928947446e+00	-2.281863813023e-02	2.882664371979e-03	1.099894915377e+02
75	1	25	2.300000000000e-02	3.141592653590e+00	-2.300000000000e-02	-7.397364188513e-18	1.094086616954e+02
76	1	26	2.300000000000e-02	3.267256359733e+00	-2.281863813023e-02	-2.882664371979e-03	1.088520634080e+02
77	1	27	2.300000000000e-02	3.392920065877e+00	-2.227741270596e-02	-5.719867404792e-03	1.083276712228e+02
78	1	28	2.300000000000e-02	3.518583772021e+00	-2.138485917543e-02	-8.466864711748e-03	1.078414936282e+02
79	1	29	2.300000000000e-02	3.644247478164e+00	-2.015505364101e-02	-1.108033450434e-02	1.073978381762e+02
80	1	30	2.300000000000e-02	3.769911184308e+00	-1.860739087062e-02	-1.351906080273e-02	1.069996734855e+02
81	1	31	2.300000000000e-02	3.895574890451e+00	-1.676627843069e-02	-1.574458343636e-02	1.066489814109e+02
82	1	32	2.300000000000e-02	4.021238596595e+00	-1.466075176422e-02	-1.772180458384e-02	1.063470496611e+02
83	1	33	2.300000000000e-02	4.146902302739e+00	-1.232401628452e-02	-1.941954228655e-02	1.060946941083e+02
84	1	34	2.300000000000e-02	4.272566008882e+00	-9.792923705997e-03	-2.081102220672e-02	1.058924184887e+02
85	1	35	2.300000000000e-02	4.398229715026e+00	-7.107390870624e-03	-2.187429987479e-02	1.057405247557e+02
86	1	36	2.300000000000e-02	4.523893421169e+00	-4.309770235472e-03	-2.259260676676e-02	1.056391868240e+02
87	1	37	2.300000000000e-02	4.649557127313e+00	-1.444181949174e-03	-2.295461475385e-02	1.055884977975e+02
88	1	38	2.300000000000e-02	4.775220833456e+00	1.444181949174e-03	-2.295461475385e-02	1.055884977977e+02
89	1	39	2.300000000000e-02	4.900884539600e+00	4.309770235472e-03	-2.259260676676e-02	1.056391868247e+02
90	1	40	2.300000000000e-02	5.026548245744e+00	7.107390870624e-03	-2.187429987479e-02	1.057405247569e+02
91	1	41	2.300000000000e-02	5.152211951887e+00	9.792923705997e-03	-2.081102220672e-02	1.058924184904e+02
92	1	42	2.300000000000e-02	5.277875658031e+00	1.232401628452e-02	-1.941954228655e-02	1.060946941104e+02
93	1	43	2.300000000000e-02	5.403539364174e+00	1.466075176422e-02	-1.772180458384e-02	1.063470496637e+02
94	1	44	2.300000000000e-02	5.529203070318e+00	1.676627843069e-02	-1.574458343636e-02	1.066489814140e+02
95	1	45	2.300000000000e-02	5.654866776462e+00	1.860739087062e-02	-1.351906080273e-02	1.069996734890e+02
96	1	46	2.300000000000e-02	5.780530482605e+00	2.015505364101e-02	-1.108033450434e-02	1.073978381801e+02
97	1	47	2.300000000000e-02	5.906194188749e+00	2.138485917543e-02	-8.466864711748e-03	1.078414936327e+02
98	1	48	2.300000000000e-02	6.031857894892e+00	2.227741270596e-02	-5.719867404792e-03	1.083276712277e+02
99	1	49	2.300000000000e-02	6.157521601036e+00	2.281863813023e-02	-2.882664371979e-03	1.088520634134e+02
100	2	0	2.600000000000e-02	0.000000000000e+00	2.600000000000e-02	0.000000000000e+00	1.093698093583e+02
101	2	1	2.600000000000e-02	1.256637061436e-01	2.579498223418e-02	3.258664072672e-03	1.099668260987e+02
102	2	2	2.600000000000e-02	2.513274122872e-01	2.518316218934e-02	6.465937066286e-03	1.105807759931e+02
103	2	3	2.600000000000e-02	3.769911184308e-01	2.417418863309e-02	9.571238369802e-03	1.111991696752e+02
104	2	4	2.600000000000e-02	5.026548245744e-01	2.278397368114e-02	1.252559552664e-02	1.118082288573e+02
105	2	5	2.600000000000e-02	6.283185307180e-01	2.103444185375e-02	1.528241655960e-02	1.123936884145e+02
106	2	6	2.600000000000e-02	7.539822368616e-01	1.895318431296e-02	1.779822475415e-02	1.129414947238e+02
107	2	7	2.600000000000e-02	8.796459430051e-01	1.657302373347e-02	2.003334431217e-02	1.134383670913e+02
108	2	8	2.600000000000e-02	1.005309649149e+00	1.393149666945e-02	2.195252606305e-02	1.138722363999e+02
109	2	9	2.600000000000e-02	1.130973355292e+00	1.107026158069e-02	2.352550336412e-02	1.142325851098e+02
110	2	10	2.600000000000e-02	1.256637061436e+00	8.034441853749e-03	2.472746942367e-02	1.145107090643e+02
111	2	11	2.600000000000e-02	1.382300767580e+00	4.871914179229e-03	2.553946851895e-02	1.146999152775e+02
112	2	12	2.600000000000e-02	1.507964473723e+00	1.632553507762e-03	2.594869493914e-02	1.147956646159e+02
113	2	13	2.600000000000e-02	1.633628179867e+00	-1.632553507762e-03	2.594869493914e-02	1.147956646161e+02
114	2	14	2.600000000000e-02	1.759291886010e+00	-4.871914179229e-03	2.553946851895e-02	1.146999152782e+02
115	2	15	2.600000000000e-02	1.884955592154e+00	-8.034441853749e-03	2.472746942367e-02	1.145107090655e+02
116	2	16	2.600000000000e-02	2.010619298297e+00	-1.107026158069e-02	2.352550336412e-02	1.142325851114e+02
117	2	17	2.600000000000e-02	2.136283004441e+00	-1.393149666945e-02	2.195252606305e-02	1.138722364020e+02
118	2	18	2.600000000000e-02	2.261946710585e+00	-1.657302373347e-02	2.003334431217e-02	1.134383670939e+02
119	2	19	2.600000000000e-02	2.387610416728e+00	-1.895318431296e-02	1.779822475415e-02	1.129414947268e+02
120	2	20	2.600000000000e-02	2.513274122872e+00	-2.103444185375e-02	1.528241655960e-02	1.123936884180e+02
121	2	21	2.600000000000e-02	2.638937829015e+00	-2.278397368114e-02	1.252559552664e-02	1.118082288613e+02
122	2	22	2.600000000000e-02	2.764601535159e+00	-2.417418863309e-02	9.571238369802e-03	1.111991696796e+02
123	2	23	2.600000000000e-02	2.890265241303e+00	-2.518316218934e-02	6.465937066286e-03	1.105807759980e+02
124	2	24	2.600000000000e-02	3.015928947446e+00	-2.579498223418e-02	3.258664072672e-03	1.099668261040e+02
125	2	25	2.600000000000e-02	3.141592653590e+00	-2.600000000000e-02	-8.362237778319e-18	1.093698093641e+02
126	2	26	2.600000000000e-02	3.267256359733e+00	-2.579498223418e-02	-3.258664072672e-03	1.088001654787e+02
127	2	27	2.600000000000e-02	3.392920065877e+00	-2.518316218934e-02	-6.465937066286e-03	1.082658536823e+02
128	2	28	2.600000000000e-02	3.518583772021e+00	-2.417418863309e-02	-9.571238369802e-03	1.077724933813e+02
129	2	29	2.600000000000e-02	3.644247478164e+00	-2.278397368114e-02	-1.252559552664e-02	1.073238393126e+02
130	2	30	2.600000000000e-02	3.769911184308e+00	-2.103444185375e-02	-1.528241655960e-02	1.069223071211e+02
131	2	31	2.600000000000e-02	3.895574890451e+00	-1.895318431296e-02	-1.779822475415e-02	1.065694086332e+02
132	2	32	2.600000000000e-02	4.021238596595e+00	-1.657302373347e-02	-2.003334431217e-02	1.062660678077e+02
133	2	33	2.600000000000e-02	4.146902302739e+00	-1.393149666945e-02	-2.195252606305e-02	1.060128353677e+02
134	2	34	2.600000000000e-02	4.272566008882e+00	-1.107026158069e-02	-2.352550336412e-02	1.058100297783e+02
135	2	35	2.600000000000e-02	4.398229715026e+00	-8.034441853749e-03	-2.472746942367e-02	1.056578281626e+02
136	2	36	2.600000000000e-02	4.523893421169e+00	-4.871914179229e-03	-2.553946851895e-02	1.055563240259e+02
137	2	37	2.600000000000e-02	4.649557127313e+00	-1.632553507762e-03	-2.594869493914e-02	1.055055629106e+02
138	2	38	2.600000000000e-02	4.775220833456e+00	1.632553507762e-03	-2.594869493914e-02	1.055055629109e+02
139	2	39	2.600000000000e-02	4.900884539600e+00	4.871914179229e-03	-2.553946851895e-02	1.055563240266e+02
140	2	40	2.600000000000e-02	5.026548245744e+00	8.034441853749e-03	-2.472746942367e-02	1.056578281637e+02
141	2	41	2.600000000000e-02	5.152211951887e+00	1.107026158069e-02	-2.352550336412e-02	1.058100297799e+02
142	2	42	2.600000000000e-02	5.277875658031e+00	1.393149666945e-02	-2.195252606305e-02	1.060128353698e+02
143	2	43	2.600000000000e-02	5.403539364174e+00	1.657302373347e-02	-2.003334431217e-02	1.062660678103e+02
144	2	44	2.600000000000e-02	5.529203070318e+00	1.895318431296e-02	-1.779822475415e-02	1.065694086362e+02
145	2	45	2.600000000000e-02	5.654866776462e+00	2.103444185375e-02	-1.528241655960e-02	1.069223071246e+02
146	2	46	2.600000000000e-02	5.780530482605e+00	2.278397368114e-02	-1.252559552664e-02	1.073238393166e+02
147	2	47	2.600000000000e-02	5.906194188749e+00	2.417418863309e-02	-9.571238369802e-03	1.077724933857e+02
148	2	48	2.600000000000e-02	6.031857894892e+00	2.518316218934e-02	-6.465937066286e-03	1.082658536872e+02
149	2	49	2.600000000000e-02	6.157521601036e+00	2.579498223418e-02	-3.258664072672e-03	1.088001654840e+02
150	3	0	2.900000000000e-02	0.000000000000e+00	2.900000000000e-02	0.000000000000e+00	1.093133763709e+02
151	3	1	2.900000000000e-02	1.256637061436e-01	2.877132633812e-02	3.634663773365e-03	1.099331357259e+02
152	3	2	2.900000000000e-02	2.513274122872e-01	2.808891167273e-02	7.212006727781e-03	1.105738362874e+02
153	3	3	2.900000000000e-02	3.769911184308e-01	2.696351809076e-02	1.067561202786e-02	1.112216314124e+02
154	3	4	2.900000000000e-02	5.026548245744e-01	2.541289372127e-02	1.397085654895e-02	1.118612195673e+02
155	3	5	2.900000000000e-02	6.283185307180e-01	2.346149283687e-02	1.704577231648e-02	1.124769139593e+02
156	3	6	2.900000000000e-02	7.539822368616e-01	2.114009019522e-02	1.985186607193e-02	1.130534472261e+02
157	3	7	2.900000000000e-02	8.796459430051e-01	1.848529570271e-02	2.234488404050e-02	1.135765478646e+02
158	3	8	2.900000000000e-02	1.005309649149e+00	1.553897705439e-02	2.448550983956e-02	1.140333578029e+02
159	3	9	2.900000000000e-02	1.130973355292e+00	1.234759945539e-02	2.623998452151e-02	1.144127438605e+02
160	3	10	2.900000000000e-02	1.256637061436e+00	8.961492836873e-03	2.758063897256e-02	1.147055347529e+02
161	3	11	2.900000000000e-02	1.382300767580e+00	5.434058122986e-03	2.848633027113e-02	1.149047006285e+02
162	3	12	2.900000000000e-02	1.507964473723e+00	1.820925066350e-03	2.894277512442e-02	1.150054836506e+02
163	3	13	2.900000000000e-02	1.633628179867e+00	-1.820925066350e-03	2.894277512442e-02	1.150054836508e+02
164	3	14	2.900000000000e-02	1.759291886010e+00	-5.434058122986e-03	2.848633027113e-02	1.149047006292e+02
165	3	15	2.900000000000e-02	1.884955592154e+00	-8.961492836873e-03	2.758063897256e-02	1.147055347541e+02
166	3	16	2.900000000000e-02	2.010619298297e+00	-1.234759945539e-02	2.623998452151e-02	1.144127438621e+02
167	3	17	2.900000000000e-02	2.136283004441e+00	-1.553897705439e-02	2.448550983956e-02	1.140333578050e+02
168	3	18	2.900000000000e-02	2.261946710585e+00	-1.848529570271e-02	2.234488404050e-02	1.135765478672e+02
169	3	19	2.900000000000e-02	2.387610416728e+00	-2.114009019522e-02	1.985186607193e-02	1.130534472291e+02
170	3	20	2.900000000000e-02	2.513274122872e+00	-2.346149283687e-02	1.704577231648e-02	1.124769139628e+02
171	3	21	2.900000000000e-02	2.638937829015e+00	-2.541289372127e-02	1.397085654895e-02	1.118612195713e+02
172	3	22	2.900000000000e-02	2.764601535159e+00	-2.696351809076e-02	1.067561202786e-02	1.112216314169e+02
173	3	23	2.900000000000e-02	2.890265241303e+00	-2.808891167273e-02	7.212006727781e-03	1.105738362923e+02
174	3	24	2.900000000000e-02	3.015928947446e+00	-2.877132633812e-02	3.634663773365e-03	1.099331357313e+02
175	3	25	2.900000000000e-02	3.141592653590e+00	-2.900000000000e-02	-9.327111368124e-18	1.093133763767e+02
176	3	26	2.900000000000e-02	3.267256359733e+00	-2.877132633812e-02	-3.634663773365e-03	1.087257656859e+02
177	3	27	2.900000000000e-02	3.392920065877e+00	-2.808891167273e-02	-7.212006727781e-03	1.081781371485e+02
178	3	28	2.900000000000e-02	3.518583772021e+00	-2.696351809076e-02	-1.067561202786e-02	1.076753847811e+02
179	3	29	2.900000000000e-02	3.644247478164e+00	-2.541289372127e-02	-1.397085654895e-02	1.072203518716e+02
180	3	30	2.900000000000e-02	3.769911184308e+00	-2.346149283687e-02	-1.704577231648e-02	1.068146144551e+02
181	3	31	2.900000000000e-02	3.895574890451e+00	-2.114009019522e-02	-1.985186607193e-02	1.064590137592e+02
182	3	32	2.900000000000e-02	4.021238596595e+00	-1.848529570271e-02	-2.234488404050e-02	1.061539785902e+02
183	3	33	2.900000000000e-02	4.146902302739e+00	-1.553897705439e-02	-2.448550983956e-02	1.058997110726e+02
184	3	34	2.900000000000e-02	4.272566008882e+00	-1.234759945539e-02	-2.623998452151e-02	1.056962921421e+02
185	3	35	2.900000000000e-02	4.398229715026e+00	-8.961492836873e-03	-2.758063897256e-02	1.055437416971e+02
186	3	36	2.900000000000e-02	4.523893421169e+00	-5.434058122986e-03	-2.848633027113e-02	1.054420531848e+02
187	3	37	2.900000000000e-02	4.649557127313e+00	-1.820925066350e-03	-2.894277512442e-02	1.053912134220e+02
188	3	38	2.900000000000e-02	4.775220833456e+00	1.820925066350e-03	-2.894277512442e-02	1.053912134222e+02
189	3	39	2.900000000000e-02	4.900884539600e+00	5.434058122986e-03	-2.848633027113e-02	1.054420531855e+02
190	3	40	2.900000000000e-02	5.026548245744e+00	8.961492836873e-03	-2.758063897256e-02	1.055437416982e+02
191	3	41	2.900000000000e-02	5.152211951887e+00	1.234759945539e-02	-2.623998452151e-02	1.056962921437e+02
192	3	42	2.900000000000e-02	5.277875658031e+00	1.553897705439e-02	-2.448550983956e-02	1.058997110747e+02
193	3	43	2.900000000000e-02	5.403539364174e+00	1.848529570271e-02	-2.234488404050e-02	1.061539785928e+02
194	3	44	2.900000000000e-02	5.529203070318e+00	2.114009019522e-02	-1.985186607193e-02	1.064590137623e+02
195	3	45	2.900000000000e-02	5.654866776462e+00	2.346149283687e-02	-1.704577231648e-02	1.068146144586e+02
196	3	46	2.900000000000e-02	5.780530482605e+00	2.541289372127e-02	-1.397085654895e-02	1.072203518756e+02
197	3	47	2.900000000000e-02	5.906194188749e+00	2.696351809076e-02	-1.067561202786e-02	1.076753847856e+02
198	3	48	2.900000000000e-02	6.031857894892e+00	2.808891167273e-02	-7.212006727781e-03	1.081781371534e+02
199	3	49	2.900000000000e-02	6.157521601036e+00	2.877132633812e-02	-3.634663773365e-03	1.087257656913e+02
200	4	0	3.200000000000e-02	0.000000000000e+00	3.200000000000e-02	0.000000000000e+00	1.092417790359e+02
201	4	1	3.200000000000e-02	1.256637061436e-01	3.174767044206e-02	4.010663474058e-03	1.098892656040e+02
202	4	2	3.200000000000e-02	2.513274122872e-01	3.099466115612e-02	7.958076389275e-03	1.105630077678e+02
203	4	3	3.200000000000e-02	3.769911184308e-01	2.975284754842e-02	1.177998568591e-02	1.112471720043e+02
204	4	4	3.200000000000e-02	5.026548245744e-01	2.804181376140e-02	1.541611757125e-02	1.119243941396e+02
205	4	5	3.200000000000e-02	6.283185307180e-01	2.588854382000e-02	1.880912807336e-02	1.125771870435e+02
206	4	6	3.200000000000e-02	7.539822368616e-01	2.332699607749e-02	2.190550738972e-02	1.131888175743e+02
207	4	7	3.200000000000e-02	8.796459430051e-01	2.039756767196e-02	2.465642376883e-02	1.137438518119e+02
208	4	8	3.200000000000e-02	1.005309649149e+00	1.714645743933e-02	2.701849361606e-02	1.142285196406e+02
209	4	9	3.200000000000e-02	1.130973355292e+00	1.362493733008e-02	2.895446567891e-02	1.146309800796e+02
210	4	10	3.200000000000e-02	1.256637061436e+00	9.888543819998e-03	3.043380852144e-02	1.149415249775e+02
211	4	11	3.200000000000e-02	1.382300767580e+00	5.996202066743e-03	3.143319202332e-02	1.151527366107e+02
212	4	12	3.200000000000e-02	1.507964473723e+00	2.009296624938e-03	3.193685530970e-02	1.152596047596e+02
213	4	13	3.200000000000e-02	1.633628179867e+00	-2.009296624938e-03	3.193685530970e-02	1.152596047598e+02
214	4	14	3.200000000000e-02	1.759291886010e+00	-5.996202066743e-03	3.143319202332e-02	1.151527366114e+02
215	4	15	3.200000000000e-02	1.884955592154e+00	-9.888543819998e-03	3.043380852144e-02	1.149415249787e+02
216	4	16	3.200000000000e-02	2.010619298297e+00	-1.362493733008e-02	2.895446567891e-02	1.146309800812e+02
217	4	17	3.200000000000e-02	2.136283004441e+00	-1.714645743933e-02	2.701849361606e-02	1.142285196427e+02
218	4	18	3.200000000000e-02	2.261946710585e+00	-2.039756767196e-02	2.465642376883e-02	1.137438518145e+02
219	4	19	3.200000000000e-02	2.387610416728e+00	-2.332699607749e-02	2.190550738972e-02	1.131888175773e+02
220	4	20	3.200000000000e-02	2.513274122872e+00	-2.588854382000e-02	1.880912807336e-02	1.125771870470e+02
221	4	21	3.200000000000e-02	2.638937829015e+00	-2.804181376140e-02	1.541611757125e-02	1.119243941436e+02
222	4	22	3.200000000000e-02	2.764601535159e+00	-2.975284754842e-02	1.177998568591e-02	1.112471720087e+02
223	4	23	3.200000000000e-02	2.890265241303e+00	-3.099466115612e-02	7.958076389275e-03	1.105630077727e+02
224	4	24	3.200000000000e-02	3.015928947446e+00	-3.174767044206e-02	4.010663474058e-03	1.098892656094e+02
225	4	25	3.200000000000e-02	3.141592653590e+00	-3.200000000000e-02	-1.029198495793e-17	1.092417790418e+02
226	4	26	3.200000000000e-02	3.267256359733e+00	-3.174767044206e-02	-4.010663474058e-03	1.086329212273e+02
227	4	27	3.200000000000e-02	3.392920065877e+00	-3.099466115612e-02	-7.958076389275e-03	1.080701323099e+02
228	4	28	3.200000000000e-02	3.518583772021e+00	-2.975284754842e-02	-1.177998568591e-02	1.075570796004e+02
229	4	29	3.200000000000e-02	3.644247478164e+00	-2.804181376140e-02	-1.541611757125e-02	1.070952797515e+02
230	4	30	3.200000000000e-02	3.769911184308e+00	-2.588854382000e-02	-1.880912807336e-02	1.066852086898e+02
231	4	31	3.200000000000e-02	3.895574890451e+00	-2.332699607749e-02	-2.190550738972e-02	1.063268952735e+02
232	4	32	3.200000000000e-02	4.021238596595e+00	-2.039756767196e-02	-2.465642376883e-02	1.060202021780e+02
233	4	33	3.200000000000e-02	4.146902302739e+00	-1.714645743933e-02	-2.701849361606e-02	1.057649492422e+02
234	4	34	3.200000000000e-02	4.272566008882e+00	-1.362493733008e-02	-2.895446567891e-02	1.055609644778e+02
235	4	35	3.200000000000e-02	4.398229715026e+00	-9.888543819998e-03	-3.043380852144e-02	1.054081037367e+02
236	4	36	3.200000000000e-02	4.523893421169e+00	-5.996202066743e-03	-3.143319202332e-02	1.053062574789e+02
237	4	37	3.200000000000e-02	4.649557127313e+00	-2.009296624938e-03	-3.193685530970e-02	1.052553525948e+02
238	4	38	3.200000000000e-02	4.775220833456e+00	2.009296624938e-03	-3.193685530970e-02	1.052553525951e+02
239	4	39	3.200000000000e-02	4.900884539600e+00	5.996202066743e-03	-3.143319202332e-02	1.053062574796e+02
240	4	40	3.200000000000e-02	5.026548245744e+00	9.888543819998e-03	-3.043380852144e-02	1.054081037379e+02
241	4	41	3.200000000000e-02	5.152211951887e+00	1.362493733008e-02	-2.895446567891e-02	1.055609644794e+02
242	4	42	3.200000000000e-02	5.277875658031e+00	1.714645743933e-02	-2.701849361606e-02	1.057649492443e+02
243	4	43	3.200000000000e-02	5.403539364174e+00	2.039756767196e-02	-2.465642376883e-02	1.060202021805e+02
244	4	44	3.200000000000e-02	5.529203070318e+00	2.332699607749e-02	-2.190550738972e-02	1.063268952766e+02
245	4	45	3.200000000000e-02	5.654866776462e+00	2.588854382000e-02	-1.880912807336e-02	1.066852086933e+02
246	4	46	3.200000000000e-02	5.780530482605e+00	2.804181376140e-02	-1.541611757125e-02	1.070952797554e+02
247	4	47	3.200000000000e-02	5.906194188749e+00	2.975284754842e-02	-1.177998568591e-02	1.075570796049e+02
248	4	48	3.200000000000e-02	6.031857894892e+00	3.099466115612e-02	-7.958076389275e-03	1.080701323148e+02
249	4	49	3.200000000000e-02	6.157521601036e+00	3.174767044206e-02	-4.010663474058e-03	1.086329212326e+02
250	5	0	3.500000000000e-02	0.000000000000e+00	3.500000000000e-02	0.000000000000e+00	1.091560563294e+02
251	5	1	3.500000000000e-02	1.256637061436e-01	3.472401454601e-02	4.386663174751e-03	1.098353652986e+02
252	5	2	3.500000000000e-02	2.513274122872e-01	3.390041063950e-02	8.704146050770e-03	1.105476080500e+02
253	5	3	3.500000000000e-02	3.769911184308e-01	3.254217700609e-02	1.288435934396e-02	1.112741161719e+02
254	5	4	3.500000000000e-02	5.026548245744e-01	3.067073380154e-02	1.686137859356e-02	1.119948991598e+02
255	5	5	3.500000000000e-02	6.283185307180e-01	2.831559480312e-02	2.057248383024e-02	1.126903645402e+02
256	5	6	3.500000000000e-02	7.539822368616e-01	2.551390195975e-02	2.395914870750e-02	1.133421547812e+02
257	5	7	3.500000000000e-02	8.796459430051e-01	2.230983964120e-02	2.696796349715e-02	1.139335838114e+02
258	5	8	3.500000000000e-02	1.005309649149e+00	1.875393782426e-02	2.955147739257e-02	1.144499100831e+02
259	5	9	3.500000000000e-02	1.130973355292e+00	1.490227520478e-02	3.166894683631e-02	1.148785399053e+02
260	5	10	3.500000000000e-02	1.256637061436e+00	1.081559480312e-02	3.328697807033e-02	1.152091925506e+02
261	5	11	3.500000000000e-02	1.382300767580e+00	6.558346010500e-03	3.438005377550e-02	1.154340349131e+02
262	5	12	3.500000000000e-02	1.507964473723e+00	2.197668183526e-03	3.493093549499e-02	1.155477854968e+02
263	5	13	3.500000000000e-02	1.633628179867e+00	-2.197668183526e-03	3.493093549499e-02	1.155477854971e+02
264	5	14	3.500000000000e-02	1.759291886010e+00	-6.558346010500e-03	3.438005377550e-02	1.154340349138e+02
265	5	15	3.500000000000e-02	1.884955592154e+00	-1.081559480312e-02	3.328697807033e-02	1.152091925517e+02
266	5	16	3.500000000000e-02	2.010619298297e+00	-1.490227520478e-02	3.166894683631e-02	1.148785399069e+02
267	5	17	3.500000000000e-02	2.136283004441e+00	-1.875393782426e-02	2.955147739257e-02	1.144499100852e+02
268	5	18	3.500000000000e-02	2.261946710585e+00	-2.230983964120e-02	2.696796349715e-02	1.139335838140e+02
269	5	19	3.500000000000e-02	2.387610416728e+00	-2.551390195975e-02	2.395914870750e-02	1.133421547842e+02
270	5	20	3.500000000000e-02	2.513274122872e+00	-2.831559480312e-02	2.057248383024e-02	1.126903645437e+02
271	5	21	3.500000000000e-02	2.638937829015e+00	-3.067073380154e-02	1.686137859356e-02	1.119948991638e+02
272	5	22	3.500000000000e-02	2.764601535159e+00	-3.254217700609e-02	1.288435934396e-02	1.112741161763e+02
273	5	23	3.500000000000e-02	2.890265241303e+00	-3.390041063950e-02	8.704146050770e-03	1.105476080549e+02
274	5	24	3.500000000000e-02	3.015928947446e+00	-3.472401454601e-02	4.386663174751e-03	1.098353653040e+02
275	5	25	3.500000000000e-02	3.141592653590e+00	-3.500000000000e-02	-1.125685854774e-17	1.091560563352e+02
276	5	26	3.500000000000e-02	3.267256359733e+00	-3.472401454601e-02	-4.386663174751e-03	1.085238985521e+02
277	5	27	3.500000000000e-02	3.392920065877e+00	-3.390041063950e-02	-8.704146050770e-03	1.079453571652e+02
278	5	28	3.500000000000e-02	3.518583772021e+00	-3.254217700609e-02	-1.288435934396e-02	1.074221201999e+02
279	5	29	3.500000000000e-02	3.644247478164e+00	-3.067073380154e-02	-1.686137859356e-02	1.069539063782e+02
280	5	30	3.500000000000e-02	3.769911184308e+00	-2.831559480312e-02	-2.057248383024e-02	1.065398744167e+02
281	5	31	3.500000000000e-02	3.895574890451e+00	-2.551390195975e-02	-2.395914870750e-02	1.061791642192e+02
282	5	32	3.500000000000e-02	4.021238596595e+00	-2.230983964120e-02	-2.696796349715e-02	1.058710574512e+02
283	5	33	3.500000000000e-02	4.146902302739e+00	-1.875393782426e-02	-2.955147739257e-02	1.056149987816e+02
284	5	34	3.500000000000e-02	4.272566008882e+00	-1.490227520478e-02	-3.166894683631e-02	1.054105754918e+02
285	5	35	3.500000000000e-02	4.398229715026e+00	-1.081559480312e-02	-3.328697807033e-02	1.052574904797e+02
286	5	36	3.500000000000e-02	4.523893421169e+00	-6.558346010500e-03	-3.438005377550e-02	1.051555394715e+02
287	5	37	3.500000000000e-02	4.649557127313e+00	-2.197668183526e-03	-3.493093549499e-02	1.051045946978e+02
288	5	38	3.500000000000e-02	4.775220833456e+00	2.197668183526e-03	-3.493093549499e-02	1.051045946980e+02
289	5	39	3.500000000000e-02	4.900884539600e+00	6.558346010500e-03	-3.438005377550e-02	1.051555394722e+02
290	5	40	3.500000000000e-02	5.026548245744e+00	1.081559480312e-02	-3.328697807033e-02	1.052574904808e+02
291	5	41	3.500000000000e-02	5.152211951887e+00	1.490227520478e-02	-3.166894683631e-02	1.054105754934e+02
292	5	42	3.500000000000e-02	5.277875658031e+00	1.875393782426e-02	-2.955147739257e-02	1.056149987837e+02
293	5	43	3.500000000000e-02	5.403539364174e+00	2.230983964120e-02	-2.696796349715e-02	1.058710574537e+02
294	5	44	3.500000000000e-02	5.529203070318e+00	2.551390195975e-02	-2.395914870750e-02	1.061791642222e+02
295	5	45	3.500000000000e-02	5.654866776462e+00	2.831559480312e-02	-2.057248383024e-02	1.065398744202e+02
296	5	46	3.500000000000e-02	5.780530482605e+00	3.067073380154e-02	-1.686137859356e-02	1.069539063822e+02
297	5	47	3.500000000000e-02	5.906194188749e+00	3.254217700609e-02	-1.288435934396e-02	1.074221202043e+02
298	5	48	3.500000000000e-02	6.031857894892e+00	3.390041063950e-02	-8.704146050770e-03	1.079453571701e+02
299	5	49	3.500000000000e-02	6.157521601036e+00	3.472401454601e-02	-4.386663174751e-03	1.085238985574e+02
300	6	0	3.800000000000e-02	0.000000000000e+00	3.800000000000e-02	0.000000000000e+00	1.090563437506e+02
301	6	1	3.800000000000e-02	1.256637061436e-01	3.770035864995e-02	4.762662875444e-03	1.097712023979e+02
302	6	2	3.800000000000e-02	2.513274122872e-01	3.680616012289e-02	9.450215712264e-03	1.105271098520e+02
303	6	3	3.800000000000e-02	3.769911184308e-01	3.533150646375e-02	1.398873300202e-02	1.113013999129e+02
304	6	4	3.800000000000e-02	5.026548245744e-01	3.329965384167e-02	1.830663961587e-02	1.120709042085e+02
305	6	5	3.800000000000e-02	6.283185307180e-01	3.074264578625e-02	2.233583958711e-02	1.128137245927e+02
306	6	6	3.800000000000e-02	7.539822368616e-01	2.770080784201e-02	2.601279002529e-02	1.135098179104e+02
307	6	7	3.800000000000e-02	8.796459430051e-01	2.422211161045e-02	2.927950322548e-02	1.141412270339e+02
308	6	8	3.800000000000e-02	1.005309649149e+00	2.036141820920e-02	3.208446116908e-02	1.146922281137e+02
309	6	9	3.800000000000e-02	1.130973355292e+00	1.617961307947e-02	3.438342799371e-02	1.151494629567e+02
310	6	10	3.800000000000e-02	1.256637061436e+00	1.174264578625e-02	3.614014761922e-02	1.155020652447e+02
311	6	11	3.800000000000e-02	1.382300767580e+00	7.120489954258e-03	3.732691552769e-02	1.157417742391e+02
312	6	12	3.800000000000e-02	1.507964473723e+00	2.386039742114e-03	3.792501568027e-02	1.158630277517e+02
313	6	13	3.800000000000e-02	1.633628179867e+00	-2.386039742114e-03	3.792501568027e-02	1.158630277519e+02
314	6	14	3.800000000000e-02	1.759291886010e+00	-7.120489954258e-03	3.732691552769e-02	1.157417742398e+02
315	6	15	3.800000000000e-02	1.884955592154e+00	-1.174264578625e-02	3.614014761922e-02	1.155020652459e+02
316	6	16	3.800000000000e-02	2.010619298297e+00	-1.617961307947e-02	3.438342799371e-02	1.151494629584e+02
317	6	17	3.800000000000e-02	2.136283004441e+00	-2.036141820920e-02	3.208446116908e-02	1.146922281158e+02
318	6	18	3.800000000000e-02	2.261946710585e+00	-2.422211161045e-02	2.927950322548e-02	1.141412270364e+02
319	6	19	3.800000000000e-02	2.387610416728e+00	-2.770080784201e-02	2.601279002529e-02	1.135098179134e+02
320	6	20	3.800000000000e-02	2.513274122872e+00	-3.074264578625e-02	2.233583958711e-02	1.128137245962e+02
321	6	21	3.800000000000e-02	2.638937829015e+00	-3.329965384167e-02	1.830663961587e-02	1.120709042125e+02
322	6	22	3.800000000000e-02	2.764601535159e+00	-3.533150646375e-02	1.398873300202e-02	1.113013999173e+02
323	6	23	3.800000000000e-02	2.890265241303e+00	-3.680616012289e-02	9.450215712264e-03	1.105271098569e+02
324	6	24	3.800000000000e-02	3.015928947446e+00	-3.770035864995e-02	4.762662875444e-03	1.097712024033e+02
325	6	25	3.800000000000e-02	3.141592653590e+00	-3.800000000000e-02	-1.222173213754e-17	1.090563437564e+02
326	6	26	3.800000000000e-02	3.267256359733e+00	-3.770035864995e-02	-4.762662875444e-03	1.083999167433e+02
327	6	27	3.800000000000e-02	3.392920065877e+00	-3.680616012289e-02	-9.450215712264e-03	1.078061645309e+02
328	6	28	3.800000000000e-02	3.518583772021e+00	-3.533150646375e-02	-1.398873300202e-02	1.072737058585e+02
329	6	29	3.800000000000e-02	3.644247478164e+00	-3.329965384167e-02	-1.830663961587e-02	1.067999805623e+02
330	6	30	3.800000000000e-02	3.769911184308e+00	-3.074264578625e-02	-2.233583958711e-02	1.063826969693e+02
331	6	31	3.800000000000e-02	3.895574890451e+00	-2.770080784201e-02	-2.601279002529e-02	1.060201074572e+02
332	6	32	3.800000000000e-02	4.021238596595e+00	-2.422211161045e-02	-2.927950322548e-02	1.057109509590e+02
333	6	33	3.800000000000e-02	4.146902302739e+00	-2.036141820920e-02	-3.208446116908e-02	1.054543369069e+02
334	6	34	3.800000000000e-02	4.272566008882e+00	-1.617961307947e-02	-3.438342799371e-02	1.052496436809e+02
335	6	35	3.800000000000e-02	4.398229715026e+00	-1.174264578625e-02	-3.614014761922e-02	1.050964439638e+02
336	6	36	3.800000000000e-02	4.523893421169e+00	-7.120489954258e-03	-3.732691552769e-02	1.049944538169e+02
337	6	37	3.800000000000e-02	4.649557127313e+00	-2.386039742114e-03	-3.792501568027e-02	1.049434998514e+02
338	6	38	3.800000000000e-02	4.775220833456e+00	2.386039742114e-03	-3.792501568027e-02	1.049434998516e+02
339	6	39	3.800000000000e-02	4.900884539600e+00	7.120489954258e-03	-3.732691552769e-02	1.049944538176e+02
340	6	40	3.800000000000e-02	5.026548245744e+00	1.174264578625e-02	-3.614014761922e-02	1.050964439650e+02
341	6	41	3.800000000000e-02	5.152211951887e+00	1.617961307947e-02	-3.438342799371e-02	1.052496436826e+02
342	6	42	3.800000000000e-02	5.277875658031e+00	2.036141820920e-02	-3.208446116908e-02	1.054543369090e+02
343	6	43	3.800000000000e-02	5.403539364174e+00	2.422211161045e-02	-2.927950322548e-02	1.057109509615e+02
344	6	44	3.800000000000e-02	5.529203070318e+00	2.770080784201e-02	-2.601279002529e-02	1.060201074602e+02
345	6	45	3.800000000000e-02	5.654866776462e+00	3.074264578625e-02	-2.233583958711e-02	1.063826969728e+02
346	6	46	3.800000000000e-02	5.780530482605e+00	3.329965384167e-02	-1.830663961587e-02	1.067999805662e+02
347	6	47	3.800000000000e-02	5.906194188749e+00	3.533150646375e-02	-1.398873300202e-02	1.072737058629e+02
348	6	48	3.800000000000e-02	6.031857894892e+00	3.680616012289e-02	-9.450215712264e-03	1.078061645357e+02
349	6	49	3.800000000000e-02	6.157521601036e+00	3.770035864995e-02	-4.762662875444e-03	1.083999167486e+02
350	7	0	4.100000000000e-02	0.000000000000e+00	4.100000000000e-02	0.000000000000e+00	1.089420177172e+02
351	7	1	4.100000000000e-02	1.256637061436e-01	4.067670275389e-02	5.138662576136e-03	1.096963263492e+02
352	7	2	4.100000000000e-02	2.513274122872e-01	3.971190960627e-02	1.019628537376e-02	1.105011885850e+02
353	7	3	4.100000000000e-02	3.769911184308e-01	3.812083592142e-02	1.509310666007e-02	1.113284286379e+02
354	7	4	4.100000000000e-02	5.026548245744e-01	3.592857388180e-02	1.975190063817e-02	1.121512686435e+02
355	7	5	4.100000000000e-02	6.283185307180e-01	3.316969676937e-02	2.409919534399e-02	1.129454578611e+02
356	7	6	4.100000000000e-02	7.539822368616e-01	2.988771372428e-02	2.806643134308e-02	1.136893078096e+02
357	7	7	4.100000000000e-02	8.796459430051e-01	2.613438357970e-02	3.159104295381e-02	1.143636309297e+02
358	7	8	4.100000000000e-02	1.005309649149e+00	2.196889859414e-02	3.461744494558e-02	1.149517454113e+02
359	7	9	4.100000000000e-02	1.130973355292e+00	1.745695095417e-02	3.709790915111e-02	1.154395386971e+02
360	7	10	4.100000000000e-02	1.256637061436e+00	1.266969676937e-02	3.899331716810e-02	1.158155601796e+02
361	7	11	4.100000000000e-02	1.382300767580e+00	7.682633898015e-03	4.027377727988e-02	1.160711186647e+02
362	7	12	4.100000000000e-02	1.507964473723e+00	2.574411300702e-03	4.091909586556e-02	1.162003676793e+02
363	7	13	4.100000000000e-02	1.633628179867e+00	-2.574411300702e-03	4.091909586556e-02	1.162003676795e+02
364	7	14	4.100000000000e-02	1.759291886010e+00	-7.682633898015e-03	4.027377727988e-02	1.160711186654e+02
365	7	15	4.100000000000e-02	1.884955592154e+00	-1.266969676937e-02	3.899331716810e-02	1.158155601808e+02
366	7	16	4.100000000000e-02	2.010619298297e+00	-1.745695095417e-02	3.709790915111e-02	1.154395386987e+02
367	7	17	4.100000000000e-02	2.136283004441e+00	-2.196889859414e-02	3.461744494558e-02	1.149517454134e+02
368	7	18	4.100000000000e-02	2.261946710585e+00	-2.613438357970e-02	3.159104295381e-02	1.143636309322e+02
369	7	19	4.100000000000e-02	2.387610416728e+00	-2.988771372428e-02	2.806643134308e-02	1.136893078126e+02
370	7	20	4.100000000000e-02	2.513274122872e+00	-3.316969676937e-02	2.409919534399e-02	1.129454578646e+02
371	7	21	4.100000000000e-02	2.638937829015e+00	-3.592857388180e-02	1.975190063817e-02	1.121512686475e+02
372	7	22	4.100000000000e-02	2.764601535159e+00	-3.812083592142e-02	1.509310666007e-02	1.113284286423e+02
373	7	23	4.100000000000e-02	2.890265241303e+00	-3.971190960627e-02	1.019628537376e-02	1.105011885899e+02
374	7	24	4.100000000000e-02	3.015928947446e+00	-4.067670275389e-02	5.138662576136e-03	1.096963263545e+02
375	7	25	4.100000000000e-02	3.141592653590e+00	-4.100000000000e-02	-1.318660572735e-17	1.089420177230e+02
376	7	26	4.100000000000e-02	3.267256359733e+00	-4.067670275389e-02	-5.138662576136e-03	1.082615535764e+02
377	7	27	4.100000000000e-02	3.392920065877e+00	-3.971190960627e-02	-1.019628537376e-02	1.076542702575e+02
378	7	28	4.100000000000e-02	3.518583772021e+00	-3.812083592142e-02	-1.509310666007e-02	1.071142623585e+02
379	7	29	4.100000000000e-02	3.644247478164e+00	-3.592857388180e-02	-1.975190063817e-02	1.066363143319e+02
380	7	30	4.100000000000e-02	3.769911184308e+00	-3.316969676937e-02	-2.409919534399e-02	1.062166896413e+02
381	7	31	4.100000000000e-02	3.895574890451e+00	-2.988771372428e-02	-2.806643134308e-02	1.058528423762e+02
382	7	32	4.100000000000e-02	4.021238596595e+00	-2.613438357970e-02	-3.159104295381e-02	1.055430540239e+02
383	7	33	4.100000000000e-02	4.146902302739e+00	-2.196889859414e-02	-3.461744494558e-02	1.052861628001e+02
384	7	34	4.100000000000e-02	4.272566008882e+00	-1.745695095417e-02	-3.709790915111e-02	1.050813823924e+02
385	7	35	4.100000000000e-02	4.398229715026e+00	-1.266969676937e-02	-3.899331716810e-02	1.049281844940e+02
386	7	36	4.100000000000e-02	4.523893421169e+00	-7.682633898015e-03	-4.027377727988e-02	1.048262240167e+02
387	7	37	4.100000000000e-02	4.649557127313e+00	-2.574411300702e-03	-4.091909586556e-02	1.047752927749e+02
388	7	38	4.100000000000e-02	4.775220833456e+00	2.574411300702e-03	-4.091909586556e-02	1.047752927752e+02
389	7	39	4.100000000000e-02	4.900884539600e+00	7.682633898015e-03	-4.027377727988e-02	1.048262240174e+02
390	7	40	4.100000000000e-02	5.026548245744e+00	1.266969676937e-02	-3.899331716810e-02	1.049281844952e+02
391	7	41	4.100000000000e-02	5.152211951887e+00	1.745695095417e-02	-3.709790915111e-02	1.050813823940e+02
392	7	42	4.100000000000e-02	5.277875658031e+00	2.196889859414e-02	-3.461744494558e-02	1.052861628022e+02
393	7	43	4.100000000000e-02	5.403539364174e+00	2.613438357970e-02	-3.159104295381e-02	1.055430540264e+02
394	7	44	4.100000000000e-02	5.529203070318e+00	2.988771372428e-02	-2.806643134308e-02	1.058528423792e+02
395	7	45	4.100000000000e-02	5.654866776462e+00	3.316969676937e-02	-2.409919534399e-02	1.062166896448e+02
396	7	46	4.100000000000e-02	5.780530482605e+00	3.592857388180e-02	-1.975190063817e-02	1.066363143359e+02
397	7	47	4.100000000000e-02	5.906194188749e+00	3.812083592142e-02	-1.509310666007e-02	1.071142623629e+02
398	7	48	4.100000000000e-02	6.031857894892e+00	3.971190960627e-02	-1.019628537376e-02	1.076542702624e+02
399	7	49	4.100000000000e-02	6.157521601036e+00	4.067670275389e-02	-5.138662576136e-03	1.082615535818e+02
400	8	0	4.400000000000e-02	0.000000000000e+00	4.400000000000e-02	0.000000000000e+00	1.088116089302e+02
401	8	1	4.400000000000e-02	1.256637061436e-01	4.365304685784e-02	5.514662276829e-03	1.096102007532e+02
402	8	2	4.400000000000e-02	2.513274122872e-01	4.261765908966e-02	1.094235503525e-02	1.104697777908e+02
403	8	3	4.400000000000e-02	3.769911184308e-01	4.091016537908e-02	1.619748031813e-02	1.113549886126e+02
404	8	4	4.400000000000e-02	5.026548245744e-01	3.855749392193e-02	2.119716166048e-02	1.122353313138e+02
405	8	5	4.400000000000e-02	6.283185307180e-01	3.559674775250e-02	2.586255110087e-02	1.130843571326e+02
406	8	6	4.400000000000e-02	7.539822368616e-01	3.207461960654e-02	3.012007266086e-02	1.138788684648e+02
407	8	7	4.400000000000e-02	8.796459430051e-01	2.804665554894e-02	3.390258268213e-02	1.145985325945e+02
408	8	8	4.400000000000e-02	1.005309649149e+00	2.357637897908e-02	3.715042872209e-02	1.152257566012e+02
409	8	9	4.400000000000e-02	1.130973355292e+00	1.873428882886e-02	3.981239030850e-02	1.157456964935e+02
410	8	10	4.400000000000e-02	1.256637061436e+00	1.359674775250e-02	4.184648671699e-02	1.161463267404e+02
411	8	11	4.400000000000e-02	1.382300767580e+00	8.244777841772e-03	4.322063903206e-02	1.164185281755e+02
412	8	12	4.400000000000e-02	1.507964473723e+00	2.762782859290e-03	4.391317605084e-02	1.165561697608e+02
413	8	13	4.400000000000e-02	1.633628179867e+00	-2.762782859290e-03	4.391317605084e-02	1.165561697611e+02
414	8	14	4.400000000000e-02	1.759291886010e+00	-8.244777841772e-03	4.322063903206e-02	1.164185281761e+02
415	8	15	4.400000000000e-02	1.884955592154e+00	-1.359674775250e-02	4.184648671699e-02	1.161463267416e+02
416	8	16	4.400000000000e-02	2.010619298297e+00	-1.873428882886e-02	3.981239030850e-02	1.157456964951e+02
417	8	17	4.400000000000e-02	2.136283004441e+00	-2.357637897908e-02	3.715042872209e-02	1.152257566032e+02
418	8	18	4.400000000000e-02	2.261946710585e+00	-2.804665554894e-02	3.390258268213e-02	1.145985325970e+02
419	8	19	4.400000000000e-02	2.387610416728e+00	-3.207461960654e-02	3.012007266086e-02	1.138788684678e+02
420	8	20	4.400000000000e-02	2.513274122872e+00	-3.559674775250e-02	2.586255110087e-02	1.130843571360e+02
421	8	21	4.400000000000e-02	2.638937829015e+00	-3.855749392193e-02	2.119716166048e-02	1.122353313178e+02
422	8	22	4.400000000000e-02	2.764601535159e+00	-4.091016537908e-02	1.619748031813e-02	1.113549886170e+02
423	8	23	4.400000000000e-02	2.890265241303e+00	-4.261765908966e-02	1.094235503525e-02	1.104697777957e+02
424	8	24	4.400000000000e-02	3.015928947446e+00	-4.365304685784e-02	5.514662276829e-03	1.096102007585e+02
425	8	25	4.400000000000e-02	3.141592653590e+00	-4.400000000000e-02	-1.415147931715e-17	1.088116089360e+02
426	8	26	4.400000000000e-02	3.267256359733e+00	-4.365304685784e-02	-5.514662276829e-03	1.081090214617e+02
427	8	27	4.400000000000e-02	3.392920065877e+00	-4.261765908966e-02	-1.094235503525e-02	1.074910936964e+02
428	8	28	4.400000000000e-02	3.518583772021e+00	-4.091016537908e-02	-1.619748031813e-02	1.069457753428e+02
429	8	29	4.400000000000e-02	3.644247478164e+00	-3.855749392193e-02	-2.119716166048e-02	1.064651247960e+02
430	8	30	4.400000000000e-02	3.769911184308e+00	-3.559674775250e-02	-2.586255110087e-02	1.060441569705e+02
431	8	31	4.400000000000e-02	3.895574890451e+00	-3.207461960654e-02	-3.012007266086e-02	1.056797028208e+02
432	8	32	4.400000000000e-02	4.021238596595e+00	-2.804665554894e-02	-3.390258268213e-02	1.053697072088e+02
433	8	33	4.400000000000e-02	4.146902302739e+00	-2.357637897908e-02	-3.715042872209e-02	1.051128155632e+02
434	8	34	4.400000000000e-02	4.272566008882e+00	-1.873428882886e-02	-3.981239030850e-02	1.049081269247e+02
435	8	35	4.400000000000e-02	4.398229715026e+00	-1.359674775250e-02	-4.184648671699e-02	1.047550435871e+02
436	8	36	4.400000000000e-02	4.523893421169e+00	-8.244777841772e-03	-4.322063903206e-02	1.046531787778e+02
437	8	37	4.400000000000e-02	4.649557127313e+00	-2.762782859290e-03	-4.391317605084e-02	1.046023007072e+02
438	8	38	4.400000000000e-02	4.775220833456e+00	2.762782859290e-03	-4.391317605084e-02	1.046023007074e+02
439	8	39	4.400000000000e-02	4.900884539600e+00	8.244777841772e-03	-4.322063903206e-02	1.046531787785e+02
440	8	40	4.400000000000e-02	5.026548245744e+00	1.359674775250e-02	-4.184648671699e-02	1.047550435882e+02
441	8	41	4.400000000000e-02	5.152211951887e+00	1.873428882886e-02	-3.981239030850e-02	1.049081269263e+02
442	8	42	4.400000000000e-02	5.277875658031e+00	2.357637897908e-02	-3.715042872209e-02	1.051128155653e+02
443	8	43	4.400000000000e-02	5.403539364174e+00	2.804665554894e-02	-3.390258268213e-02	1.053697072113e+02
444	8	44	4.400000000000e-02	5.529203070318e+00	3.207461960654e-02	-3.012007266086e-02	1.056797028239e+02
445	8	45	4.400000000000e-02	5.654866776462e+00	3.559674775250e-02	-2.586255110087e-02	1.060441569740e+02
446	8	46	4.400000000000e-02	5.780530482605e+00	3.855749392193e-02	-2.119716166048e-02	1.064651248000e+02
447	8	47	4.400000000000e-02	5.906194188749e+00	4.091016537908e-02	-1.619748031813e-02	1.069457753472e+02
448	8	48	4.400000000000e-02	6.031857894892e+00	4.261765908966e-02	-1.094235503525e-02	1.074910937012e+02
449	8	49	4.400000000000e-02	6.157521601036e+00	4.365304685784e-02	-5.514662276829e-03	1.081090214671e+02
450	9	0	4.700000000000e-02	0.000000000000e+00	4.700000000000e-02	0.000000000000e+00	1.086624679019e+02
451	9	1	4.700000000000e-02	1.256637061436e-01	4.662939096178e-02	5.890661977522e-03	1.095123924323e+02
452	9	2	4.700000000000e-02	2.513274122872e-01	4.552340857305e-02	1.168842469675e-02	1.104331405881e+02
453	9	3	4.700000000000e-02	3.769911184308e-01	4.369949483675e-02	1.730185397618e-02	1.113811832474e+02
454	9	4	4.700000000000e-02	5.026548245744e-01	4.118641396206e-02	2.264242268278e-02	1.123227667218e+02
455	9	5	4.700000000000e-02	6.283185307180e-01	3.802379873562e-02	2.762590685775e-02	1.132296174621e+02
456	9	6	4.700000000000e-02	7.539822368616e-01	3.426152548881e-02	3.217371397865e-02	1.140772382081e+02
457	9	7	4.700000000000e-02	8.796459430051e-01	2.995892751819e-02	3.621412241046e-02	1.148442622029e+02
458	9	8	4.700000000000e-02	1.005309649149e+00	2.518385936401e-02	3.968341249859e-02	1.155122428892e+02
459	9	9	4.700000000000e-02	1.130973355292e+00	2.001162670356e-02	4.252687146590e-02	1.160656332734e+02
460	9	10	4.700000000000e-02	1.256637061436e+00	1.452379873562e-02	4.469965626587e-02	1.164918457838e+02
461	9	11	4.700000000000e-02	1.382300767580e+00	8.806921785529e-03	4.616750078425e-02	1.167813382223e+02
462	9	12	4.700000000000e-02	1.507964473723e+00	2.951154417878e-03	4.690725623613e-02	1.169276963341e+02
463	9	13	4.700000000000e-02	1.633628179867e+00	-2.951154417878e-03	4.690725623613e-02	1.169276963343e+02
464	9	14	4.700000000000e-02	1.759291886010e+00	-8.806921785529e-03	4.616750078425e-02	1.167813382230e+02
465	9	15	4.700000000000e-02	1.884955592154e+00	-1.452379873562e-02	4.469965626587e-02	1.164918457849e+02
466	9	16	4.700000000000e-02	2.010619298297e+00	-2.001162670356e-02	4.252687146590e-02	1.160656332751e+02
467	9	17	4.700000000000e-02	2.136283004441e+00	-2.518385936401e-02	3.968341249859e-02	1.155122428912e+02
468	9	18	4.700000000000e-02	2.261946710585e+00	-2.995892751819e-02	3.621412241046e-02	1.148442622055e+02
469	9	19	4.700000000000e-02	2.387610416728e+00	-3.426152548881e-02	3.217371397865e-02	1.140772382111e+02
470	9	20	4.700000000000e-02	2.513274122872e+00	-3.802379873562e-02	2.762590685775e-02	1.132296174655e+02
471	9	21	4.700000000000e-02	2.638937829015e+00	-4.118641396206e-02	2.264242268278e-02	1.123227667257e+02
472	9	22	4.700000000000e-02	2.764601535159e+00	-4.369949483675e-02	1.730185397618e-02	1.113811832518e+02
473	9	23	4.700000000000e-02	2.890265241303e+00	-4.552340857305e-02	1.168842469675e-02	1.104331405929e+02
474	9	24	4.700000000000e-02	3.015928947446e+00	-4.662939096178e-02	5.890661977522e-03	1.095123924376e+02
475	9	25	4.700000000000e-02	3.141592653590e+00	-4.700000000000e-02	-1.511635290696e-17	1.086624679077e+02
476	9	26	4.700000000000e-02	3.267256359733e+00	-4.662939096178e-02	-5.890661977522e-03	1.079424453916e+02
477	9	27	4.700000000000e-02	3.392920065877e+00	-4.552340857305e-02	-1.168842469675e-02	1.073180055038e+02
478	9	28	4.700000000000e-02	3.518583772021e+00	-4.369949483675e-02	-1.730185397618e-02	1.067699876608e+02
479	9	29	4.700000000000e-02	3.644247478164e+00	-4.118641396206e-02	-2.264242268278e-02	1.062882319419e+02
480	9	30	4.700000000000e-02	3.769911184308e+00	-3.802379873562e-02	-2.762590685775e-02	1.058669117073e+02
481	9	31	4.700000000000e-02	3.895574890451e+00	-3.426152548881e-02	-3.217371397865e-02	1.055024757465e+02
482	9	32	4.700000000000e-02	4.021238596595e+00	-2.995892751819e-02	-3.621412241046e-02	1.051926721611e+02
483	9	33	4.700000000000e-02	4.146902302739e+00	-2.518385936401e-02	-3.968341249859e-02	1.049360366076e+02
484	9	34	4.700000000000e-02	4.272566008882e+00	-2.001162670356e-02	-4.252687146590e-02	1.047316038433e+02
485	9	35	4.700000000000e-02	4.398229715026e+00	-1.452379873562e-02	-4.469965626587e-02	1.045787376198e+02
486	9	36	4.700000000000e-02	4.523893421169e+00	-8.806921785529e-03	-4.616750078425e-02	1.044770281569e+02
487	9	37	4.700000000000e-02	4.649557127313e+00	-2.951154417878e-03	-4.690725623613e-02	1.044262306874e+02
488	9	38	4.700000000000e-02	4.775220833456e+00	2.951154417878e-03	-4.690725623613e-02	1.044262306876e+02
489	9	39	4.700000000000e-02	4.900884539600e+00	8.806921785529e-03	-4.616750078425e-02	1.044770281576e+02
490	9	40	4.700000000000e-02	5.026548245744e+00	1.452379873562e-02	-4.469965626587e-02	1.045787376210e+02
491	9	41	4.700000000000e-02	5.152211951887e+00	2.001162670356e-02	-4.252687146590e-02	1.047316038449e+02
492	9	42	4.700000000000e-02	5.277875658031e+00	2.518385936401e-02	-3.968341249859e-02	1.049360366097e+02
493	9	43	4.700000000000e-02	5.403539364174e+00	2.995892751819e-02	-3.621412241046e-02	1.051926721637e+02
494	9	44	4.700000000000e-02	5.529203070318e+00	3.426152548881e-02	-3.217371397865e-02	1.055024757495e+02
495	9	45	4.700000000000e-02	5.654866776462e+00	3.802379873562e-02	-2.762590685775e-02	1.058669117108e+02
496	9	46	4.700000000000e-02	5.780530482605e+00	4.118641396206e-02	-2.264242268278e-02	1.062882319458e+02
497	9	47	4.700000000000e-02	5.906194188749e+00	4.369949483675e-02	-1.730185397618e-02	1.067699876652e+02
498	9	48	4.700000000000e-02	6.031857894892e+00	4.552340857305e-02	-1.168842469675e-02	1.073180055087e+02
499	9	49	4.700000000000e-02	6.157521601036e+00	4.662939096178e-02	-5.890661977522e-03	1.079424453970e+02
500	10	0	5.000000000000e-02	0.000000000000e+00	5.000000000000e-02	0.000000000000e+00	1.084900733646e+02
501	10	1	5.000000000000e-02	1.256637061436e-01	4.960573506572e-02	6.266661678215e-03	1.094029264489e+02
502	10	2	5.000000000000e-02	2.513274122872e-01	4.842915805643e-02	1.243449435824e-02	1.103919453048e+02
503	10	3	5.000000000000e-02	3.769911184308e-01	4.648882429441e-02	1.840622763423e-02	1.114073725574e+02
504	10	4	5.000000000000e-02	5.026548245744e-01	4.381533400219e-02	2.408768370509e-02	1.124134778058e+02
505	10	5	5.000000000000e-02	6.283185307180e-01	4.045084971875e-02	2.938926261462e-02	1.133807015924e+02
506	10	6	5.000000000000e-02	7.539822368616e-01	3.644843137107e-02	3.422735529643e-02	1.142834888540e+02
507	10	7	5.000000000000e-02	8.796459430051e-01	3.187119948743e-02	3.852566213879e-02	1.150995553358e+02
508	10	8	5.000000000000e-02	1.005309649149e+00	2.679133974895e-02	4.221639627510e-02	1.158096588045e+02
509	10	9	5.000000000000e-02	1.130973355292e+00	2.128896457825e-02	4.524135262330e-02	1.163975777841e+02
510	10	10	5.000000000000e-02	1.256637061436e+00	1.545084971875e-02	4.755282581476e-02	1.168501759364e+02
511	10	11	5.000000000000e-02	1.382300767580e+00	9.369065729286e-03	4.911436253643e-02	1.171574935549e+02
512	10	12	5.000000000000e-02	1.507964473723e+00	3.139525976466e-03	4.990133642141e-02	1.173128350530e+02
513	10	13	5.000000000000e-02	1.633628179867e+00	-3.139525976466e-03	4.990133642141e-02	1.173128350532e+02
514	10	14	5.000000000000e-02	1.759291886010e+00	-9.369065729286e-03	4.911436253643e-02	1.171574935556e+02
515	10	15	5.000000000000e-02	1.884955592154e+00	-1.545084971875e-02	4.755282581476e-02	1.168501759376e+02
516	10	16	5.000000000000e-02	2.010619298297e+00	-2.128896457825e-02	4.524135262330e-02	1.163975777857e+02
517	10	17	5.000000000000e-02	2.136283004441e+00	-2.679133974895e-02	4.221639627510e-02	1.158096588066e+02
518	10	18	5.000000000000e-02	2.261946710585e+00	-3.187119948743e-02	3.852566213879e-02	1.150995553383e+02
519	10	19	5.000000000000e-02	2.387610416728e+00	-3.644843137107e-02	3.422735529643e-02	1.142834888569e+02
520	10	20	5.000000000000e-02	2.513274122872e+00	-4.045084971875e-02	2.938926261462e-02	1.133807015958e+02
521	10	21	5.000000000000e-02	2.638937829015e+00	-4.381533400219e-02	2.408768370509e-02	1.124134778097e+02
522	10	22	5.000000000000e-02	2.764601535159e+00	-4.648882429441e-02	1.840622763423e-02	1.114073725618e+02
523	10	23	5.000000000000e-02	2.890265241303e+00	-4.842915805643e-02	1.243449435824e-02	1.103919453096e+02
524	10	24	5.000000000000e-02	3.015928947446e+00	-4.960573506572e-02	6.266661678215e-03	1.094029264542e+02
525	10	25	5.000000000000e-02	3.141592653590e+00	-5.000000000000e-02	-1.608122649677e-17	1.084900733704e+02
526	10	26	5.000000000000e-02	3.267256359733e+00	-4.960573506572e-02	-6.266661678215e-03	1.077622749682e+02
527	10	27	5.000000000000e-02	3.392920065877e+00	-4.842915805643e-02	-1.243449435824e-02	1.071365163917e+02
528	10	28	5.000000000000e-02	3.518583772021e+00	-4.648882429441e-02	-1.840622763423e-02	1.065885062707e+02
529	10	29	5.000000000000e-02	3.644247478164e+00	-4.381533400219e-02	-2.408768370509e-02	1.061071705455e+02
530	10	30	5.000000000000e-02	3.769911184308e+00	-4.045084971875e-02	-2.938926261462e-02	1.056864075913e+02
531	10	31	5.000000000000e-02	3.895574890451e+00	-3.644843137107e-02	-3.422735529643e-02	1.053225517250e+02
532	10	32	5.000000000000e-02	4.021238596595e+00	-3.187119948743e-02	-3.852566213879e-02	1.050132944105e+02
533	10	33	5.000000000000e-02	4.146902302739e+00	-2.679133974895e-02	-4.221639627510e-02	1.047571404430e+02
534	10	34	5.000000000000e-02	4.272566008882e+00	-2.128896457825e-02	-4.524135262330e-02	1.045531068035e+02
535	10	35	5.000000000000e-02	4.398229715026e+00	-1.545084971875e-02	-4.755282581476e-02	1.044005467197e+02
536	10	36	5.000000000000e-02	4.523893421169e+00	-9.369065729286e-03	-4.911436253643e-02	1.042990441920e+02
537	10	37	5.000000000000e-02	4.649557127313e+00	-3.139525976466e-03	-4.990133642141e-02	1.042483509717e+02
538	10	38	5.000000000000e-02	4.775220833456e+00	3.139525976466e-03	-4.990133642141e-02	1.042483509719e+02
539	10	39	5.000000000000e-02	4.900884539600e+00	9.369065729286e-03	-4.911436253643e-02	1.042990441927e+02
540	10	40	5.000000000000e-02	5.026548245744e+00	1.545084971875e-02	-4.755282581476e-02	1.044005467209e+02
541	10	41	5.000000000000e-02	5.152211951887e+00	2.128896457825e-02	-4.524135262330e-02	1.045531068051e+02
542	10	42	5.000000000000e-02	5.277875658031e+00	2.679133974895e-02	-4.221639627510e-02	1.047571404451e+02
543	10	43	5.000000000000e-02	5.403539364174e+00	3.187119948743e-02	-3.852566213879e-02	1.050132944130e+02
544	10	44	5.000000000000e-02	5.529203070318e+00	3.644843137107e-02	-3.422735529643e-02	1.053225517280e+02
545	10	45	5.000000000000e-02	5.654866776462e+00	4.045084971875e-02	-2.938926261462e-02	1.056864075948e+02
546	10	46	5.000000000000e-02	5.780530482605e+00	4.381533400219e-02	-2.408768370509e-02	1.061071705494e+02
547	10	47	5.000000000000e-02	5.906194188749e+00	4.648882429441e-02	-1.840622763423e-02	1.065885062751e+02
548	10	48	5.000000000000e-02	6.031857894892e+00	4.842915805643e-02	-1.243449435824e-02	1.071365163966e+02
549	10	49	5.000000000000e-02	6.157521601036e+00	4.960573506572e-02	-6.266661678215e-03	1.077622749735e+02
