# Solver: SOR
# RadialSteps: 10
# AngularSteps: 50
# DeltaR: 3.000000000000e-03
# DeltaTheta: 1.256637061436e-01
# Tolerance: 1.000000000000e-10
# MaximumIterations: 250000
# Iterations: 8596
# Converged: True
# ResidualNorm: 1.421897435856e-07
# Omega: 1.800000
# UnifiedIndex	RadialIndex	AngularIndex	Radius	Theta	X	Y	Temperature
0	0	0	2.000000000000e-02	0.000000000000e+00	2.000000000000e-02	0.000000000000e+00	1.094250197230e+02
1	0	1	2.000000000000e-02	1.256637061436e-01	1.984229402629e-02	2.506664671286e-03	1.099988872311e+02
2	0	2	2.000000000000e-02	2.513274122872e-01	1.937166322257e-02	4.973797743297e-03	1.105859260096e+02
3	0	3	2.000000000000e-02	3.769911184308e-01	1.859552971777e-02	7.362491053694e-03	1.111748234807e+02
4	0	4	2.000000000000e-02	5.026548245744e-01	1.752613360088e-02	9.635073482034e-03	1.117531961342e+02
5	0	5	2.000000000000e-02	6.283185307180e-01	1.618033988750e-02	1.175570504585e-02	1.123081547121e+02
6	0	6	2.000000000000e-02	7.539822368616e-01	1.457937254843e-02	1.369094211857e-02	1.128268725993e+02
7	0	7	2.000000000000e-02	8.796459430051e-01	1.274847979497e-02	1.541026485552e-02	1.132971009215e+02
8	0	8	2.000000000000e-02	1.005309649149e+00	1.071653589958e-02	1.688655851004e-02	1.137076067035e+02
9	0	9	2.000000000000e-02	1.130973355292e+00	8.515585831301e-03	1.809654104932e-02	1.140485305013e+02
10	0	10	2.000000000000e-02	1.256637061436e+00	6.180339887499e-03	1.902113032590e-02	1.143116689801e+02
11	0	11	2.000000000000e-02	1.382300767580e+00	3.747626291714e-03	1.964574501457e-02	1.144906903177e+02
12	0	12	2.000000000000e-02	1.507964473723e+00	1.255810390586e-03	1.996053456857e-02	1.145812896039e+02
13	0	13	2.000000000000e-02	1.633628179867e+00	-1.255810390586e-03	1.996053456857e-02	1.145812896042e+02
14	0	14	2.000000000000e-02	1.759291886010e+00	-3.747626291714e-03	1.964574501457e-02	1.144906903184e+02
15	0	15	2.000000000000e-02	1.884955592154e+00	-6.180339887499e-03	1.902113032590e-02	1.143116689812e+02
16	0	16	2.000000000000e-02	2.010619298297e+00	-8.515585831301e-03	1.809654104932e-02	1.140485305029e+02
17	0	17	2.000000000000e-02	2.136283004441e+00	-1.071653589958e-02	1.688655851004e-02	1.137076067056e+02
18	0	18	2.000000000000e-02	2.261946710585e+00	-1.274847979497e-02	1.541026485552e-02	1.132971009241e+02
19	0	19	2.000000000000e-02	2.387610416728e+00	-1.457937254843e-02	1.369094211857e-02	1.128268726023e+02
20	0	20	2.000000000000e-02	2.513274122872e+00	-1.618033988750e-02	1.175570504585e-02	1.123081547156e+02
21	0	21	2.000000000000e-02	2.638937829015e+00	-1.752613360088e-02	9.635073482034e-03	1.117531961382e+02
22	0	22	2.000000000000e-02	2.764601535159e+00	-1.859552971777e-02	7.362491053694e-03	1.111748234851e+02
23	0	23	2.000000000000e-02	2.890265241303e+00	-1.937166322257e-02	4.973797743297e-03	1.105859260145e+02
24	0	24	2.000000000000e-02	3.015928947446e+00	-1.984229402629e-02	2.506664671286e-03	1.099988872365e+02
25	0	25	2.000000000000e-02	3.141592653590e+00	-2.000000000000e-02	-6.432490598707e-18	1.094250197288e+02
26	0	26	2.000000000000e-02	3.267256359733e+00	-1.984229402629e-02	-2.506664671286e-03	1.088740963611e+02
27	0	27	2.000000000000e-02	3.392920065877e+00	-1.937166322257e-02	-4.973797743297e-03	1.083540828877e+02
28	0	28	2.000000000000e-02	3.518583772021e+00	-1.859552971777e-02	-7.362491053694e-03	1.078711256063e+02
29	0	29	2.000000000000e-02	3.644247478164e+00	-1.752613360088e-02	-9.635073482034e-03	1.074297447965e+02
30	0	30	2.000000000000e-02	3.769911184308e+00	-1.618033988750e-02	-1.175570504585e-02	1.070331333214e+02
31	0	31	2.000000000000e-02	3.895574890451e+00	-1.457937254843e-02	-1.369094211857e-02	1.066834713942e+02
32	0	32	2.000000000000e-02	4.021238596595e+00	-1.274847979497e-02	-1.541026485552e-02	1.063822050090e+02
33	0	33	2.000000000000e-02	4.146902302739e+00	-1.071653589958e-02	-1.688655851004e-02	1.061302681228e+02
34	0	34	2.000000000000e-02	4.272566008882e+00	-8.515585831301e-03	-1.809654104932e-02	1.059282484086e+02
35	0	35	2.000000000000e-02	4.398229715026e+00	-6.180339887499e-03	-1.902113032590e-02	1.057765050749e+02
36	0	36	2.000000000000e-02	4.523893421169e+00	-3.747626291714e-03	-1.964574501457e-02	1.056752492335e+02
37	0	37	2.000000000000e-02	4.649557127313e+00	-1.255810390586e-03	-1.996053456857e-02	1.056245961128e+02
38	0	38	2.000000000000e-02	4.775220833456e+00	1.255810390586e-03	-1.996053456857e-02	1.056245961131e+02
39	0	39	2.000000000000e-02	4.900884539600e+00	3.747626291715e-03	-1.964574501457e-02	1.056752492342e+02
40	0	40	2.000000000000e-02	5.026548245744e+00	6.180339887499e-03	-1.902113032590e-02	1.057765050760e+02
41	0	41	2.000000000000e-02	5.152211951887e+00	8.515585831301e-03	-1.809654104932e-02	1.059282484103e+02
42	0	42	2.000000000000e-02	5.277875658031e+00	1.071653589958e-02	-1.688655851004e-02	1.061302681249e+02
43	0	43	2.000000000000e-02	5.403539364174e+00	1.274847979497e-02	-1.541026485552e-02	1.063822050115e+02
44	0	44	2.000000000000e-02	5.529203070318e+00	1.457937254843e-02	-1.369094211857e-02	1.066834713972e+02
45	0	45	2.000000000000e-02	5.654866776462e+00	1.618033988750e-02	-1.175570504585e-02	1.070331333249e+02
46	0	46	2.000000000000e-02	5.780530482605e+00	1.752613360088e-02	-9.635073482034e-03	1.074297448004e+02
47	0	47	2.000000000000e-02	5.906194188749e+00	1.859552971777e-02	-7.362491053694e-03	1.078711256107e+02
48	0	48	2.000000000000e-02	6.031857894892e+00	1.937166322257e-02	-4.973797743297e-03	1.083540828927e+02
49	0	49	2.000000000000e-02	6.157521601036e+00	1.984229402629e-02	-2.506664671286e-03	1.088740963665e+02
50	1	0	2.300000000000e-02	0.000000000000e+00	2.300000000000e-02	0.000000000000e+00	1.094086739908e+02
51	1	1	2.300000000000e-02	1.256637061436e-01	2.281863813023e-02	2.882664371979e-03	1.099895038336e+02
52	1	2	2.300000000000e-02	2.513274122872e-01	2.227741270596e-02	5.719867404792e-03	1.105846018574e+02
53	1	3	2.300000000000e-02	3.769911184308e-01	2.138485917543e-02	8.466864711748e-03	1.111823215214e+02
54	1	4	2.300000000000e-02	5.026548245744e-01	2.015505364101e-02	1.108033450434e-02	1.117698766703e+02
55	1	5	2.300000000000e-02	6.283185307180e-01	1.860739087062e-02	1.351906080273e-02	1.123339731158e+02
56	1	6	2.300000000000e-02	7.539822368616e-01	1.676627843069e-02	1.574458343636e-02	1.128614172794e+02
57	1	7	2.300000000000e-02	8.796459430051e-01	1.466075176422e-02	1.772180458384e-02	1.133396481370e+02
58	1	8	2.300000000000e-02	1.005309649149e+00	1.232401628452e-02	1.941954228655e-02	1.137571779303e+02
59	1	9	2.300000000000e-02	1.130973355292e+00	9.792923705997e-03	2.081102220672e-02	1.141039459036e+02
60	1	10	2.300000000000e-02	1.256637061436e+00	7.107390870624e-03	2.187429987479e-02	1.143715952646e+02
61	1	11	2.300000000000e-02	1.382300767580e+00	4.309770235472e-03	2.259260676676e-02	1.145536834831e+02
62	1	12	2.300000000000e-02	1.507964473723e+00	1.444181949174e-03	2.295461475385e-02	1.146458338630e+02
63	1	13	2.300000000000e-02	1.633628179867e+00	-1.444181949174e-03	2.295461475385e-02	1.146458338632e+02
64	1	14	2.300000000000e-02	1.759291886010e+00	-4.309770235472e-03	2.259260676676e-02	1.145536834838e+02
65	1	15	2.300000000000e-02	1.884955592154e+00	-7.107390870624e-03	2.187429987479e-02	1.143715952658e+02
66	1	16	2.300000000000e-02	2.010619298297e+00	-9.792923705997e-03	2.081102220672e-02	1.141039459052e+02
67	1	17	2.300000000000e-02	2.136283004441e+00	-1.232401628452e-02	1.941954228655e-02	1.137571779324e+02
68	1	18	2.300000000000e-02	2.261946710585e+00	-1.466075176422e-02	1.772180458384e-02	1.133396481396e+02
69	1	19	2.300000000000e-02	2.387610416728e+00	-1.676627843069e-02	1.574458343636e-02	1.128614172824e+02
70	1	20	2.300000000000e-02	2.513274122872e+00	-1.860739087062e-02	1.351906080273e-02	1.123339731193e+02
71	1	21	2.300000000000e-02	2.638937829015e+00	-2.015505364101e-02	1.108033450434e-02	1.117698766743e+02
72	1	22	2.300000000000e-02	2.764601535159e+00	-2.138485917543e-02	8.466864711748e-03	1.111823215259e+02
73	1	23	2.300000000000e-02	2.890265241303e+00	-2.227741270596e-02	5.719867404792e-03	1.105846018623e+02
74	1	24	2.300000000000e-02	3.015928947446e+00	-2.281863813023e-02	2.882664371979e-03	1.099895038390e+02
75	1	25	2.300000000000e-02	3.141592653590e+00	-2.300000000000e-02	-7.397364188513e-18	1.094086739966e+02
76	1	26	2.300000000000e-02	3.267256359733e+00	-2.281863813023e-02	-2.882664371979e-03	1.088520757093e+02
77	1	27	2.300000000000e-02	3.392920065877e+00	-2.227741270596e-02	-5.719867404792e-03	1.083276835241e+02
78	1	28	2.300000000000e-02	3.518583772021e+00	-2.138485917543e-02	-8.466864711748e-03	1.078415059295e+02
79	1	29	2.300000000000e-02	3.644247478164e+00	-2.015505364101e-02	-1.108033450434e-02	1.073978504774e+02
80	1	30	2.300000000000e-02	3.769911184308e+00	-1.860739087062e-02	-1.351906080273e-02	1.069996857868e+02
81	1	31	2.300000000000e-02	3.895574890451e+00	-1.676627843069e-02	-1.574458343636e-02	1.066489937122e+02
82	1	32	2.300000000000e-02	4.021238596595e+00	-1.466075176422e-02	-1.772180458384e-02	1.063470619624e+02
83	1	33	2.300000000000e-02	4.146902302739e+00	-1.232401628452e-02	-1.941954228655e-02	1.060947064096e+02
84	1	34	2.300000000000e-02	4.272566008882e+00	-9.792923705997e-03	-2.081102220672e-02	1.058924307900e+02
85	1	35	2.300000000000e-02	4.398229715026e+00	-7.107390870624e-03	-2.187429987479e-02	1.057405370570e+02
86	1	36	2.300000000000e-02	4.523893421169e+00	-4.309770235472e-03	-2.259260676676e-02	1.056391991253e+02
87	1	37	2.300000000000e-02	4.649557127313e+00	-1.444181949174e-03	-2.295461475385e-02	1.055885100987e+02
88	1	38	2.300000000000e-02	4.775220833456e+00	1.444181949174e-03	-2.295461475385e-02	1.055885100990e+02
89	1	39	2.300000000000e-02	4.900884539600e+00	4.309770235472e-03	-2.259260676676e-02	1.056391991260e+02
90	1	40	2.300000000000e-02	5.026548245744e+00	7.107390870624e-03	-2.187429987479e-02	1.057405370581e+02
91	1	41	2.300000000000e-02	5.152211951887e+00	9.792923705997e-03	-2.081102220672e-02	1.058924307916e+02
92	1	42	2.300000000000e-02	5.277875658031e+00	1.232401628452e-02	-1.941954228655e-02	1.060947064117e+02
93	1	43	2.300000000000e-02	5.403539364174e+00	1.466075176422e-02	-1.772180458384e-02	1.063470619649e+02
94	1	44	2.300000000000e-02	5.529203070318e+00	1.676627843069e-02	-1.574458343636e-02	1.066489937152e+02
95	1	45	2.300000000000e-02	5.654866776462e+00	1.860739087062e-02	-1.351906080273e-02	1.069996857903e+02
96	1	46	2.300000000000e-02	5.780530482605e+00	2.015505364101e-02	-1.108033450434e-02	1.073978504814e+02
97	1	47	2.300000000000e-02	5.906194188749e+00	2.138485917543e-02	-8.466864711748e-03	1.078415059339e+02
98	1	48	2.300000000000e-02	6.031857894892e+00	2.227741270596e-02	-5.719867404792e-03	1.083276835290e+02
99	1	49	2.300000000000e-02	6.157521601036e+00	2.281863813023e-02	-2.882664371979e-03	1.088520757147e+02
100	2	0	2.600000000000e-02	0.000000000000e+00	2.600000000000e-02	0.000000000000e+00	1.093698216517e+02
101	2	1	2.600000000000e-02	1.256637061436e-01	2.579498223418e-02	3.258664072672e-03	1.099668383920e+02
102	2	2	2.600000000000e-02	2.513274122872e-01	2.518316218934e-02	6.465937066286e-03	1.105807882865e+02
103	2	3	2.600000000000e-02	3.769911184308e-01	2.417418863309e-02	9.571238369802e-03	1.111991819685e+02
104	2	4	2.600000000000e-02	5.026548245744e-01	2.278397368114e-02	1.252559552664e-02	1.118082411507e+02
105	2	5	2.600000000000e-02	6.283185307180e-01	2.103444185375e-02	1.528241655960e-02	1.123937007079e+02
106	2	6	2.600000000000e-02	7.539822368616e-01	1.895318431296e-02	1.779822475415e-02	1.129415070171e+02
107	2	7	2.600000000000e-02	8.796459430051e-01	1.657302373347e-02	2.003334431217e-02	1.134383793847e+02
108	2	8	2.600000000000e-02	1.005309649149e+00	1.393149666945e-02	2.195252606305e-02	1.138722486933e+02
109	2	9	2.600000000000e-02	1.130973355292e+00	1.107026158069e-02	2.352550336412e-02	1.142325974032e+02
110	2	10	2.600000000000e-02	1.256637061436e+00	8.034441853749e-03	2.472746942367e-02	1.145107213577e+02
111	2	11	2.600000000000e-02	1.382300767580e+00	4.871914179229e-03	2.553946851895e-02	1.146999275709e+02
112	2	12	2.600000000000e-02	1.507964473723e+00	1.632553507762e-03	2.594869493914e-02	1.147956769092e+02
113	2	13	2.600000000000e-02	1.633628179867e+00	-1.632553507762e-03	2.594869493914e-02	1.147956769095e+02
114	2	14	2.600000000000e-02	1.759291886010e+00	-4.871914179229e-03	2.553946851895e-02	1.146999275716e+02
115	2	15	2.600000000000e-02	1.884955592154e+00	-8.034441853749e-03	2.472746942367e-02	1.145107213589e+02
116	2	16	2.600000000000e-02	2.010619298297e+00	-1.107026158069e-02	2.352550336412e-02	1.142325974048e+02
117	2	17	2.600000000000e-02	2.136283004441e+00	-1.393149666945e-02	2.195252606305e-02	1.138722486954e+02
118	2	18	2.600000000000e-02	2.261946710585e+00	-1.657302373347e-02	2.003334431217e-02	1.134383793872e+02
119	2	19	2.600000000000e-02	2.387610416728e+00	-1.895318431296e-02	1.779822475415e-02	1.129415070202e+02
120	2	20	2.600000000000e-02	2.513274122872e+00	-2.103444185375e-02	1.528241655960e-02	1.123937007114e+02
121	2	21	2.600000000000e-02	2.638937829015e+00	-2.278397368114e-02	1.252559552664e-02	1.118082411546e+02
122	2	22	2.600000000000e-02	2.764601535159e+00	-2.417418863309e-02	9.571238369802e-03	1.111991819730e+02
123	2	23	2.600000000000e-02	2.890265241303e+00	-2.518316218934e-02	6.465937066286e-03	1.105807882914e+02
124	2	24	2.600000000000e-02	3.015928947446e+00	-2.579498223418e-02	3.258664072672e-03	1.099668383974e+02
125	2	25	2.600000000000e-02	3.141592653590e+00	-2.600000000000e-02	-8.362237778319e-18	1.093698216575e+02
126	2	26	2.600000000000e-02	3.267256359733e+00	-2.579498223418e-02	-3.258664072672e-03	1.088001777720e+02
127	2	27	2.600000000000e-02	3.392920065877e+00	-2.518316218934e-02	-6.465937066286e-03	1.082658659756e+02
128	2	28	2.600000000000e-02	3.518583772021e+00	-2.417418863309e-02	-9.571238369802e-03	1.077725056746e+02
129	2	29	2.600000000000e-02	3.644247478164e+00	-2.278397368114e-02	-1.252559552664e-02	1.073238516060e+02
130	2	30	2.600000000000e-02	3.769911184308e+00	-2.103444185375e-02	-1.528241655960e-02	1.069223194145e+02
131	2	31	2.600000000000e-02	3.895574890451e+00	-1.895318431296e-02	-1.779822475415e-02	1.065694209265e+02
132	2	32	2.600000000000e-02	4.021238596595e+00	-1.657302373347e-02	-2.003334431217e-02	1.062660801011e+02
133	2	33	2.600000000000e-02	4.146902302739e+00	-1.393149666945e-02	-2.195252606305e-02	1.060128476611e+02
134	2	34	2.600000000000e-02	4.272566008882e+00	-1.107026158069e-02	-2.352550336412e-02	1.058100420716e+02
135	2	35	2.600000000000e-02	4.398229715026e+00	-8.034441853749e-03	-2.472746942367e-02	1.056578404559e+02
136	2	36	2.600000000000e-02	4.523893421169e+00	-4.871914179229e-03	-2.553946851895e-02	1.055563363193e+02
137	2	37	2.600000000000e-02	4.649557127313e+00	-1.632553507762e-03	-2.594869493914e-02	1.055055752040e+02
138	2	38	2.600000000000e-02	4.775220833456e+00	1.632553507762e-03	-2.594869493914e-02	1.055055752042e+02
139	2	39	2.600000000000e-02	4.900884539600e+00	4.871914179229e-03	-2.553946851895e-02	1.055563363200e+02
140	2	40	2.600000000000e-02	5.026548245744e+00	8.034441853749e-03	-2.472746942367e-02	1.056578404571e+02
141	2	41	2.600000000000e-02	5.152211951887e+00	1.107026158069e-02	-2.352550336412e-02	1.058100420733e+02
142	2	42	2.600000000000e-02	5.277875658031e+00	1.393149666945e-02	-2.195252606305e-02	1.060128476632e+02
143	2	43	2.600000000000e-02	5.403539364174e+00	1.657302373347e-02	-2.003334431217e-02	1.062660801036e+02
144	2	44	2.600000000000e-02	5.529203070318e+00	1.895318431296e-02	-1.779822475415e-02	1.065694209295e+02
145	2	45	2.600000000000e-02	5.654866776462e+00	2.103444185375e-02	-1.528241655960e-02	1.069223194179e+02
146	2	46	2.600000000000e-02	5.780530482605e+00	2.278397368114e-02	-1.252559552664e-02	1.073238516099e+02
147	2	47	2.600000000000e-02	5.906194188749e+00	2.417418863309e-02	-9.571238369802e-03	1.077725056791e+02
148	2	48	2.600000000000e-02	6.031857894892e+00	2.518316218934e-02	-6.465937066286e-03	1.082658659805e+02
149	2	49	2.600000000000e-02	6.157521601036e+00	2.579498223418e-02	-3.258664072672e-03	1.088001777774e+02
150	3	0	2.900000000000e-02	0.000000000000e+00	2.900000000000e-02	0.000000000000e+00	1.093133886527e+02
151	3	1	2.900000000000e-02	1.256637061436e-01	2.877132633812e-02	3.634663773365e-03	1.099331480077e+02
152	3	2	2.900000000000e-02	2.513274122872e-01	2.808891167273e-02	7.212006727781e-03	1.105738485692e+02
153	3	3	2.900000000000e-02	3.769911184308e-01	2.696351809076e-02	1.067561202786e-02	1.112216436942e+02
154	3	4	2.900000000000e-02	5.026548245744e-01	2.541289372127e-02	1.397085654895e-02	1.118612318491e+02
155	3	5	2.900000000000e-02	6.283185307180e-01	2.346149283687e-02	1.704577231648e-02	1.124769262411e+02
156	3	6	2.900000000000e-02	7.539822368616e-01	2.114009019522e-02	1.985186607193e-02	1.130534595079e+02
157	3	7	2.900000000000e-02	8.796459430051e-01	1.848529570271e-02	2.234488404050e-02	1.135765601464e+02
158	3	8	2.900000000000e-02	1.005309649149e+00	1.553897705439e-02	2.448550983956e-02	1.140333700847e+02
159	3	9	2.900000000000e-02	1.130973355292e+00	1.234759945539e-02	2.623998452151e-02	1.144127561423e+02
160	3	10	2.900000000000e-02	1.256637061436e+00	8.961492836873e-03	2.758063897256e-02	1.147055470347e+02
161	3	11	2.900000000000e-02	1.382300767580e+00	5.434058122986e-03	2.848633027113e-02	1.149047129103e+02
162	3	12	2.900000000000e-02	1.507964473723e+00	1.820925066350e-03	2.894277512442e-02	1.150054959324e+02
163	3	13	2.900000000000e-02	1.633628179867e+00	-1.820925066350e-03	2.894277512442e-02	1.150054959326e+02
164	3	14	2.900000000000e-02	1.759291886010e+00	-5.434058122986e-03	2.848633027113e-02	1.149047129110e+02
165	3	15	2.900000000000e-02	1.884955592154e+00	-8.961492836873e-03	2.758063897256e-02	1.147055470359e+02
166	3	16	2.900000000000e-02	2.010619298297e+00	-1.234759945539e-02	2.623998452151e-02	1.144127561439e+02
167	3	17	2.900000000000e-02	2.136283004441e+00	-1.553897705439e-02	2.448550983956e-02	1.140333700868e+02
168	3	18	2.900000000000e-02	2.261946710585e+00	-1.848529570271e-02	2.234488404050e-02	1.135765601490e+02
169	3	19	2.900000000000e-02	2.387610416728e+00	-2.114009019522e-02	1.985186607193e-02	1.130534595109e+02
170	3	20	2.900000000000e-02	2.513274122872e+00	-2.346149283687e-02	1.704577231648e-02	1.124769262446e+02
171	3	21	2.900000000000e-02	2.638937829015e+00	-2.541289372127e-02	1.397085654895e-02	1.118612318531e+02
172	3	22	2.900000000000e-02	2.764601535159e+00	-2.696351809076e-02	1.067561202786e-02	1.112216436986e+02
173	3	23	2.900000000000e-02	2.890265241303e+00	-2.808891167273e-02	7.212006727781e-03	1.105738485741e+02
174	3	24	2.900000000000e-02	3.015928947446e+00	-2.877132633812e-02	3.634663773365e-03	1.099331480131e+02
175	3	25	2.900000000000e-02	3.141592653590e+00	-2.900000000000e-02	-9.327111368124e-18	1.093133886585e+02
176	3	26	2.900000000000e-02	3.267256359733e+00	-2.877132633812e-02	-3.634663773365e-03	1.087257779677e+02
177	3	27	2.900000000000e-02	3.392920065877e+00	-2.808891167273e-02	-7.212006727781e-03	1.081781494303e+02
178	3	28	2.900000000000e-02	3.518583772021e+00	-2.696351809076e-02	-1.067561202786e-02	1.076753970629e+02
179	3	29	2.900000000000e-02	3.644247478164e+00	-2.541289372127e-02	-1.397085654895e-02	1.072203641534e+02
180	3	30	2.900000000000e-02	3.769911184308e+00	-2.346149283687e-02	-1.704577231648e-02	1.068146267369e+02
181	3	31	2.900000000000e-02	3.895574890451e+00	-2.114009019522e-02	-1.985186607193e-02	1.064590260410e+02
182	3	32	2.900000000000e-02	4.021238596595e+00	-1.848529570271e-02	-2.234488404050e-02	1.061539908720e+02
183	3	33	2.900000000000e-02	4.146902302739e+00	-1.553897705439e-02	-2.448550983956e-02	1.058997233543e+02
184	3	34	2.900000000000e-02	4.272566008882e+00	-1.234759945539e-02	-2.623998452151e-02	1.056963044239e+02
185	3	35	2.900000000000e-02	4.398229715026e+00	-8.961492836873e-03	-2.758063897256e-02	1.055437539788e+02
186	3	36	2.900000000000e-02	4.523893421169e+00	-5.434058122986e-03	-2.848633027113e-02	1.054420654666e+02
187	3	37	2.900000000000e-02	4.649557127313e+00	-1.820925066350e-03	-2.894277512442e-02	1.053912257038e+02
188	3	38	2.900000000000e-02	4.775220833456e+00	1.820925066350e-03	-2.894277512442e-02	1.053912257040e+02
189	3	39	2.900000000000e-02	4.900884539600e+00	5.434058122986e-03	-2.848633027113e-02	1.054420654673e+02
190	3	40	2.900000000000e-02	5.026548245744e+00	8.961492836873e-03	-2.758063897256e-02	1.055437539800e+02
191	3	41	2.900000000000e-02	5.152211951887e+00	1.234759945539e-02	-2.623998452151e-02	1.056963044255e+02
192	3	42	2.900000000000e-02	5.277875658031e+00	1.553897705439e-02	-2.448550983956e-02	1.058997233564e+02
193	3	43	2.900000000000e-02	5.403539364174e+00	1.848529570271e-02	-2.234488404050e-02	1.061539908746e+02
194	3	44	2.900000000000e-02	5.529203070318e+00	2.114009019522e-02	-1.985186607193e-02	1.064590260440e+02
195	3	45	2.900000000000e-02	5.654866776462e+00	2.346149283687e-02	-1.704577231648e-02	1.068146267404e+02
196	3	46	2.900000000000e-02	5.780530482605e+00	2.541289372127e-02	-1.397085654895e-02	1.072203641574e+02
197	3	47	2.900000000000e-02	5.906194188749e+00	2.696351809076e-02	-1.067561202786e-02	1.076753970673e+02
198	3	48	2.900000000000e-02	6.031857894892e+00	2.808891167273e-02	-7.212006727781e-03	1.081781494352e+02
199	3	49	2.900000000000e-02	6.157521601036e+00	2.877132633812e-02	-3.634663773365e-03	1.087257779730e+02
200	4	0	3.200000000000e-02	0.000000000000e+00	3.200000000000e-02	0.000000000000e+00	1.092417913031e+02
201	4	1	3.200000000000e-02	1.256637061436e-01	3.174767044206e-02	4.010663474058e-03	1.098892778712e+02
202	4	2	3.200000000000e-02	2.513274122872e-01	3.099466115612e-02	7.958076389275e-03	1.105630200350e+02
203	4	3	3.200000000000e-02	3.769911184308e-01	2.975284754842e-02	1.177998568591e-02	1.112471842715e+02
204	4	4	3.200000000000e-02	5.026548245744e-01	2.804181376140e-02	1.541611757125e-02	1.119244064068e+02
205	4	5	3.200000000000e-02	6.283185307180e-01	2.588854382000e-02	1.880912807336e-02	1.125771993107e+02
206	4	6	3.200000000000e-02	7.539822368616e-01	2.332699607749e-02	2.190550738972e-02	1.131888298415e+02
207	4	7	3.200000000000e-02	8.796459430051e-01	2.039756767196e-02	2.465642376883e-02	1.137438640791e+02
208	4	8	3.200000000000e-02	1.005309649149e+00	1.714645743933e-02	2.701849361606e-02	1.142285319078e+02
209	4	9	3.200000000000e-02	1.130973355292e+00	1.362493733008e-02	2.895446567891e-02	1.146309923468e+02
210	4	10	3.200000000000e-02	1.256637061436e+00	9.888543819998e-03	3.043380852144e-02	1.149415372447e+02
211	4	11	3.200000000000e-02	1.382300767580e+00	5.996202066743e-03	3.143319202332e-02	1.151527488779e+02
212	4	12	3.200000000000e-02	1.507964473723e+00	2.009296624938e-03	3.193685530970e-02	1.152596170268e+02
213	4	13	3.200000000000e-02	1.633628179867e+00	-2.009296624938e-03	3.193685530970e-02	1.152596170270e+02
214	4	14	3.200000000000e-02	1.759291886010e+00	-5.996202066743e-03	3.143319202332e-02	1.151527488786e+02
215	4	15	3.200000000000e-02	1.884955592154e+00	-9.888543819998e-03	3.043380852144e-02	1.149415372459e+02
216	4	16	3.200000000000e-02	2.010619298297e+00	-1.362493733008e-02	2.895446567891e-02	1.146309923484e+02
217	4	17	3.200000000000e-02	2.136283004441e+00	-1.714645743933e-02	2.701849361606e-02	1.142285319099e+02
218	4	18	3.200000000000e-02	2.261946710585e+00	-2.039756767196e-02	2.465642376883e-02	1.137438640817e+02
219	4	19	3.200000000000e-02	2.387610416728e+00	-2.332699607749e-02	2.190550738972e-02	1.131888298445e+02
220	4	20	3.200000000000e-02	2.513274122872e+00	-2.588854382000e-02	1.880912807336e-02	1.125771993142e+02
221	4	21	3.200000000000e-02	2.638937829015e+00	-2.804181376140e-02	1.541611757125e-02	1.119244064108e+02
222	4	22	3.200000000000e-02	2.764601535159e+00	-2.975284754842e-02	1.177998568591e-02	1.112471842759e+02
223	4	23	3.200000000000e-02	2.890265241303e+00	-3.099466115612e-02	7.958076389275e-03	1.105630200399e+02
224	4	24	3.200000000000e-02	3.015928947446e+00	-3.174767044206e-02	4.010663474058e-03	1.098892778766e+02
225	4	25	3.200000000000e-02	3.141592653590e+00	-3.200000000000e-02	-1.029198495793e-17	1.092417913090e+02
226	4	26	3.200000000000e-02	3.267256359733e+00	-3.174767044206e-02	-4.010663474058e-03	1.086329334944e+02
227	4	27	3.200000000000e-02	3.392920065877e+00	-3.099466115612e-02	-7.958076389275e-03	1.080701445771e+02
228	4	28	3.200000000000e-02	3.518583772021e+00	-2.975284754842e-02	-1.177998568591e-02	1.075570918676e+02
229	4	29	3.200000000000e-02	3.644247478164e+00	-2.804181376140e-02	-1.541611757125e-02	1.070952920186e+02
230	4	30	3.200000000000e-02	3.769911184308e+00	-2.588854382000e-02	-1.880912807336e-02	1.066852209570e+02
231	4	31	3.200000000000e-02	3.895574890451e+00	-2.332699607749e-02	-2.190550738972e-02	1.063269075407e+02
232	4	32	3.200000000000e-02	4.021238596595e+00	-2.039756767196e-02	-2.465642376883e-02	1.060202144451e+02
233	4	33	3.200000000000e-02	4.146902302739e+00	-1.714645743933e-02	-2.701849361606e-02	1.057649615093e+02
234	4	34	3.200000000000e-02	4.272566008882e+00	-1.362493733008e-02	-2.895446567891e-02	1.055609767449e+02
235	4	35	3.200000000000e-02	4.398229715026e+00	-9.888543819998e-03	-3.043380852144e-02	1.054081160039e+02
236	4	36	3.200000000000e-02	4.523893421169e+00	-5.996202066743e-03	-3.143319202332e-02	1.053062697460e+02
237	4	37	3.200000000000e-02	4.649557127313e+00	-2.009296624938e-03	-3.193685530970e-02	1.052553648620e+02
238	4	38	3.200000000000e-02	4.775220833456e+00	2.009296624938e-03	-3.193685530970e-02	1.052553648622e+02
239	4	39	3.200000000000e-02	4.900884539600e+00	5.996202066743e-03	-3.143319202332e-02	1.053062697467e+02
240	4	40	3.200000000000e-02	5.026548245744e+00	9.888543819998e-03	-3.043380852144e-02	1.054081160050e+02
241	4	41	3.200000000000e-02	5.152211951887e+00	1.362493733008e-02	-2.895446567891e-02	1.055609767466e+02
242	4	42	3.200000000000e-02	5.277875658031e+00	1.714645743933e-02	-2.701849361606e-02	1.057649615114e+02
243	4	43	3.200000000000e-02	5.403539364174e+00	2.039756767196e-02	-2.465642376883e-02	1.060202144477e+02
244	4	44	3.200000000000e-02	5.529203070318e+00	2.332699607749e-02	-2.190550738972e-02	1.063269075437e+02
245	4	45	3.200000000000e-02	5.654866776462e+00	2.588854382000e-02	-1.880912807336e-02	1.066852209605e+02
246	4	46	3.200000000000e-02	5.780530482605e+00	2.804181376140e-02	-1.541611757125e-02	1.070952920226e+02
247	4	47	3.200000000000e-02	5.906194188749e+00	2.975284754842e-02	-1.177998568591e-02	1.075570918720e+02
248	4	48	3.200000000000e-02	6.031857894892e+00	3.099466115612e-02	-7.958076389275e-03	1.080701445820e+02
249	4	49	3.200000000000e-02	6.157521601036e+00	3.174767044206e-02	-4.010663474058e-03	1.086329334998e+02
250	5	0	3.500000000000e-02	0.000000000000e+00	3.500000000000e-02	0.000000000000e+00	1.091560685794e+02
251	5	1	3.500000000000e-02	1.256637061436e-01	3.472401454601e-02	4.386663174751e-03	1.098353775486e+02
252	5	2	3.500000000000e-02	2.513274122872e-01	3.390041063950e-02	8.704146050770e-03	1.105476203000e+02
253	5	3	3.500000000000e-02	3.769911184308e-01	3.254217700609e-02	1.288435934396e-02	1.112741284219e+02
254	5	4	3.500000000000e-02	5.026548245744e-01	3.067073380154e-02	1.686137859356e-02	1.119949114098e+02
255	5	5	3.500000000000e-02	6.283185307180e-01	2.831559480312e-02	2.057248383024e-02	1.126903767903e+02
256	5	6	3.500000000000e-02	7.539822368616e-01	2.551390195975e-02	2.395914870750e-02	1.133421670312e+02
257	5	7	3.500000000000e-02	8.796459430051e-01	2.230983964120e-02	2.696796349715e-02	1.139335960615e+02
258	5	8	3.500000000000e-02	1.005309649149e+00	1.875393782426e-02	2.955147739257e-02	1.144499223331e+02
259	5	9	3.500000000000e-02	1.130973355292e+00	1.490227520478e-02	3.166894683631e-02	1.148785521553e+02
260	5	10	3.500000000000e-02	1.256637061436e+00	1.081559480312e-02	3.328697807033e-02	1.152092048006e+02
261	5	11	3.500000000000e-02	1.382300767580e+00	6.558346010500e-03	3.438005377550e-02	1.154340471632e+02
262	5	12	3.500000000000e-02	1.507964473723e+00	2.197668183526e-03	3.493093549499e-02	1.155477977469e+02
263	5	13	3.500000000000e-02	1.633628179867e+00	-2.197668183526e-03	3.493093549499e-02	1.155477977471e+02
264	5	14	3.500000000000e-02	1.759291886010e+00	-6.558346010500e-03	3.438005377550e-02	1.154340471639e+02
265	5	15	3.500000000000e-02	1.884955592154e+00	-1.081559480312e-02	3.328697807033e-02	1.152092048018e+02
266	5	16	3.500000000000e-02	2.010619298297e+00	-1.490227520478e-02	3.166894683631e-02	1.148785521570e+02
267	5	17	3.500000000000e-02	2.136283004441e+00	-1.875393782426e-02	2.955147739257e-02	1.144499223352e+02
268	5	18	3.500000000000e-02	2.261946710585e+00	-2.230983964120e-02	2.696796349715e-02	1.139335960640e+02
269	5	19	3.500000000000e-02	2.387610416728e+00	-2.551390195975e-02	2.395914870750e-02	1.133421670342e+02
270	5	20	3.500000000000e-02	2.513274122872e+00	-2.831559480312e-02	2.057248383024e-02	1.126903767937e+02
271	5	21	3.500000000000e-02	2.638937829015e+00	-3.067073380154e-02	1.686137859356e-02	1.119949114138e+02
272	5	22	3.500000000000e-02	2.764601535159e+00	-3.254217700609e-02	1.288435934396e-02	1.112741284263e+02
273	5	23	3.500000000000e-02	2.890265241303e+00	-3.390041063950e-02	8.704146050770e-03	1.105476203049e+02
274	5	24	3.500000000000e-02	3.015928947446e+00	-3.472401454601e-02	4.386663174751e-03	1.098353775540e+02
275	5	25	3.500000000000e-02	3.141592653590e+00	-3.500000000000e-02	-1.125685854774e-17	1.091560685852e+02
276	5	26	3.500000000000e-02	3.267256359733e+00	-3.472401454601e-02	-4.386663174751e-03	1.085239108021e+02
277	5	27	3.500000000000e-02	3.392920065877e+00	-3.390041063950e-02	-8.704146050770e-03	1.079453694152e+02
278	5	28	3.500000000000e-02	3.518583772021e+00	-3.254217700609e-02	-1.288435934396e-02	1.074221324499e+02
279	5	29	3.500000000000e-02	3.644247478164e+00	-3.067073380154e-02	-1.686137859356e-02	1.069539186283e+02
280	5	30	3.500000000000e-02	3.769911184308e+00	-2.831559480312e-02	-2.057248383024e-02	1.065398866667e+02
281	5	31	3.500000000000e-02	3.895574890451e+00	-2.551390195975e-02	-2.395914870750e-02	1.061791764692e+02
282	5	32	3.500000000000e-02	4.021238596595e+00	-2.230983964120e-02	-2.696796349715e-02	1.058710697012e+02
283	5	33	3.500000000000e-02	4.146902302739e+00	-1.875393782426e-02	-2.955147739257e-02	1.056150110316e+02
284	5	34	3.500000000000e-02	4.272566008882e+00	-1.490227520478e-02	-3.166894683631e-02	1.054105877418e+02
285	5	35	3.500000000000e-02	4.398229715026e+00	-1.081559480312e-02	-3.328697807033e-02	1.052575027297e+02
286	5	36	3.500000000000e-02	4.523893421169e+00	-6.558346010500e-03	-3.438005377550e-02	1.051555517215e+02
287	5	37	3.500000000000e-02	4.649557127313e+00	-2.197668183526e-03	-3.493093549499e-02	1.051046069477e+02
288	5	38	3.500000000000e-02	4.775220833456e+00	2.197668183526e-03	-3.493093549499e-02	1.051046069480e+02
289	5	39	3.500000000000e-02	4.900884539600e+00	6.558346010500e-03	-3.438005377550e-02	1.051555517222e+02
290	5	40	3.500000000000e-02	5.026548245744e+00	1.081559480312e-02	-3.328697807033e-02	1.052575027308e+02
291	5	41	3.500000000000e-02	5.152211951887e+00	1.490227520478e-02	-3.166894683631e-02	1.054105877434e+02
292	5	42	3.500000000000e-02	5.277875658031e+00	1.875393782426e-02	-2.955147739257e-02	1.056150110337e+02
293	5	43	3.500000000000e-02	5.403539364174e+00	2.230983964120e-02	-2.696796349715e-02	1.058710697037e+02
294	5	44	3.500000000000e-02	5.529203070318e+00	2.551390195975e-02	-2.395914870750e-02	1.061791764722e+02
295	5	45	3.500000000000e-02	5.654866776462e+00	2.831559480312e-02	-2.057248383024e-02	1.065398866702e+02
296	5	46	3.500000000000e-02	5.780530482605e+00	3.067073380154e-02	-1.686137859356e-02	1.069539186322e+02
297	5	47	3.500000000000e-02	5.906194188749e+00	3.254217700609e-02	-1.288435934396e-02	1.074221324543e+02
298	5	48	3.500000000000e-02	6.031857894892e+00	3.390041063950e-02	-8.704146050770e-03	1.079453694200e+02
299	5	49	3.500000000000e-02	6.157521601036e+00	3.472401454601e-02	-4.386663174751e-03	1.085239108074e+02
300	6	0	3.800000000000e-02	0.000000000000e+00	3.800000000000e-02	0.000000000000e+00	1.090563559813e+02
301	6	1	3.800000000000e-02	1.256637061436e-01	3.770035864995e-02	4.762662875444e-03	1.097712146286e+02
302	6	2	3.800000000000e-02	2.513274122872e-01	3.680616012289e-02	9.450215712264e-03	1.105271220826e+02
303	6	3	3.800000000000e-02	3.769911184308e-01	3.533150646375e-02	1.398873300202e-02	1.113014121435e+02
304	6	4	3.800000000000e-02	5.026548245744e-01	3.329965384167e-02	1.830663961587e-02	1.120709164392e+02
305	6	5	3.800000000000e-02	6.283185307180e-01	3.074264578625e-02	2.233583958711e-02	1.128137368234e+02
306	6	6	3.800000000000e-02	7.539822368616e-01	2.770080784201e-02	2.601279002529e-02	1.135098301410e+02
307	6	7	3.800000000000e-02	8.796459430051e-01	2.422211161045e-02	2.927950322548e-02	1.141412392645e+02
308	6	8	3.800000000000e-02	1.005309649149e+00	2.036141820920e-02	3.208446116908e-02	1.146922403443e+02
309	6	9	3.800000000000e-02	1.130973355292e+00	1.617961307947e-02	3.438342799371e-02	1.151494751873e+02
310	6	10	3.800000000000e-02	1.256637061436e+00	1.174264578625e-02	3.614014761922e-02	1.155020774753e+02
311	6	11	3.800000000000e-02	1.382300767580e+00	7.120489954258e-03	3.732691552769e-02	1.157417864698e+02
312	6	12	3.800000000000e-02	1.507964473723e+00	2.386039742114e-03	3.792501568027e-02	1.158630399823e+02
313	6	13	3.800000000000e-02	1.633628179867e+00	-2.386039742114e-03	3.792501568027e-02	1.158630399826e+02
314	6	14	3.800000000000e-02	1.759291886010e+00	-7.120489954258e-03	3.732691552769e-02	1.157417864704e+02
315	6	15	3.800000000000e-02	1.884955592154e+00	-1.174264578625e-02	3.614014761922e-02	1.155020774765e+02
316	6	16	3.800000000000e-02	2.010619298297e+00	-1.617961307947e-02	3.438342799371e-02	1.151494751890e+02
317	6	17	3.800000000000e-02	2.136283004441e+00	-2.036141820920e-02	3.208446116908e-02	1.146922403464e+02
318	6	18	3.800000000000e-02	2.261946710585e+00	-2.422211161045e-02	2.927950322548e-02	1.141412392670e+02
319	6	19	3.800000000000e-02	2.387610416728e+00	-2.770080784201e-02	2.601279002529e-02	1.135098301440e+02
320	6	20	3.800000000000e-02	2.513274122872e+00	-3.074264578625e-02	2.233583958711e-02	1.128137368268e+02
321	6	21	3.800000000000e-02	2.638937829015e+00	-3.329965384167e-02	1.830663961587e-02	1.120709164431e+02
322	6	22	3.800000000000e-02	2.764601535159e+00	-3.533150646375e-02	1.398873300202e-02	1.113014121479e+02
323	6	23	3.800000000000e-02	2.890265241303e+00	-3.680616012289e-02	9.450215712264e-03	1.105271220875e+02
324	6	24	3.800000000000e-02	3.015928947446e+00	-3.770035864995e-02	4.762662875444e-03	1.097712146339e+02
325	6	25	3.800000000000e-02	3.141592653590e+00	-3.800000000000e-02	-1.222173213754e-17	1.090563559870e+02
326	6	26	3.800000000000e-02	3.267256359733e+00	-3.770035864995e-02	-4.762662875444e-03	1.083999289739e+02
327	6	27	3.800000000000e-02	3.392920065877e+00	-3.680616012289e-02	-9.450215712264e-03	1.078061767614e+02
328	6	28	3.800000000000e-02	3.518583772021e+00	-3.533150646375e-02	-1.398873300202e-02	1.072737180891e+02
329	6	29	3.800000000000e-02	3.644247478164e+00	-3.329965384167e-02	-1.830663961587e-02	1.067999927929e+02
330	6	30	3.800000000000e-02	3.769911184308e+00	-3.074264578625e-02	-2.233583958711e-02	1.063827091999e+02
331	6	31	3.800000000000e-02	3.895574890451e+00	-2.770080784201e-02	-2.601279002529e-02	1.060201196878e+02
332	6	32	3.800000000000e-02	4.021238596595e+00	-2.422211161045e-02	-2.927950322548e-02	1.057109631896e+02
333	6	33	3.800000000000e-02	4.146902302739e+00	-2.036141820920e-02	-3.208446116908e-02	1.054543491375e+02
334	6	34	3.800000000000e-02	4.272566008882e+00	-1.617961307947e-02	-3.438342799371e-02	1.052496559115e+02
335	6	35	3.800000000000e-02	4.398229715026e+00	-1.174264578625e-02	-3.614014761922e-02	1.050964561944e+02
336	6	36	3.800000000000e-02	4.523893421169e+00	-7.120489954258e-03	-3.732691552769e-02	1.049944660474e+02
337	6	37	3.800000000000e-02	4.649557127313e+00	-2.386039742114e-03	-3.792501568027e-02	1.049435120819e+02
338	6	38	3.800000000000e-02	4.775220833456e+00	2.386039742114e-03	-3.792501568027e-02	1.049435120822e+02
339	6	39	3.800000000000e-02	4.900884539600e+00	7.120489954258e-03	-3.732691552769e-02	1.049944660481e+02
340	6	40	3.800000000000e-02	5.026548245744e+00	1.174264578625e-02	-3.614014761922e-02	1.050964561956e+02
341	6	41	3.800000000000e-02	5.152211951887e+00	1.617961307947e-02	-3.438342799371e-02	1.052496559131e+02
342	6	42	3.800000000000e-02	5.277875658031e+00	2.036141820920e-02	-3.208446116908e-02	1.054543491396e+02
343	6	43	3.800000000000e-02	5.403539364174e+00	2.422211161045e-02	-2.927950322548e-02	1.057109631921e+02
344	6	44	3.800000000000e-02	5.529203070318e+00	2.770080784201e-02	-2.601279002529e-02	1.060201196908e+02
345	6	45	3.800000000000e-02	5.654866776462e+00	3.074264578625e-02	-2.233583958711e-02	1.063827092034e+02
346	6	46	3.800000000000e-02	5.780530482605e+00	3.329965384167e-02	-1.830663961587e-02	1.067999927968e+02
347	6	47	3.800000000000e-02	5.906194188749e+00	3.533150646375e-02	-1.398873300202e-02	1.072737180935e+02
348	6	48	3.800000000000e-02	6.031857894892e+00	3.680616012289e-02	-9.450215712264e-03	1.078061767663e+02
349	6	49	3.800000000000e-02	6.157521601036e+00	3.770035864995e-02	-4.762662875444e-03	1.083999289792e+02
350	7	0	4.100000000000e-02	0.000000000000e+00	4.100000000000e-02	0.000000000000e+00	1.089420299264e+02
351	7	1	4.100000000000e-02	1.256637061436e-01	4.067670275389e-02	5.138662576136e-03	1.096963385584e+02
352	7	2	4.100000000000e-02	2.513274122872e-01	3.971190960627e-02	1.019628537376e-02	1.105012007942e+02
353	7	3	4.100000000000e-02	3.769911184308e-01	3.812083592142e-02	1.509310666007e-02	1.113284408471e+02
354	7	4	4.100000000000e-02	5.026548245744e-01	3.592857388180e-02	1.975190063817e-02	1.121512808527e+02
355	7	5	4.100000000000e-02	6.283185307180e-01	3.316969676937e-02	2.409919534399e-02	1.129454700703e+02
356	7	6	4.100000000000e-02	7.539822368616e-01	2.988771372428e-02	2.806643134308e-02	1.136893200188e+02
357	7	7	4.100000000000e-02	8.796459430051e-01	2.613438357970e-02	3.159104295381e-02	1.143636431389e+02
358	7	8	4.100000000000e-02	1.005309649149e+00	2.196889859414e-02	3.461744494558e-02	1.149517576205e+02
359	7	9	4.100000000000e-02	1.130973355292e+00	1.745695095417e-02	3.709790915111e-02	1.154395509063e+02
360	7	10	4.100000000000e-02	1.256637061436e+00	1.266969676937e-02	3.899331716810e-02	1.158155723888e+02
361	7	11	4.100000000000e-02	1.382300767580e+00	7.682633898015e-03	4.027377727988e-02	1.160711308739e+02
362	7	12	4.100000000000e-02	1.507964473723e+00	2.574411300702e-03	4.091909586556e-02	1.162003798885e+02
363	7	13	4.100000000000e-02	1.633628179867e+00	-2.574411300702e-03	4.091909586556e-02	1.162003798887e+02
364	7	14	4.100000000000e-02	1.759291886010e+00	-7.682633898015e-03	4.027377727988e-02	1.160711308746e+02
365	7	15	4.100000000000e-02	1.884955592154e+00	-1.266969676937e-02	3.899331716810e-02	1.158155723899e+02
366	7	16	4.100000000000e-02	2.010619298297e+00	-1.745695095417e-02	3.709790915111e-02	1.154395509079e+02
367	7	17	4.100000000000e-02	2.136283004441e+00	-2.196889859414e-02	3.461744494558e-02	1.149517576226e+02
368	7	18	4.100000000000e-02	2.261946710585e+00	-2.613438357970e-02	3.159104295381e-02	1.143636431414e+02
369	7	19	4.100000000000e-02	2.387610416728e+00	-2.988771372428e-02	2.806643134308e-02	1.136893200218e+02
370	7	20	4.100000000000e-02	2.513274122872e+00	-3.316969676937e-02	2.409919534399e-02	1.129454700737e+02
371	7	21	4.100000000000e-02	2.638937829015e+00	-3.592857388180e-02	1.975190063817e-02	1.121512808566e+02
372	7	22	4.100000000000e-02	2.764601535159e+00	-3.812083592142e-02	1.509310666007e-02	1.113284408515e+02
373	7	23	4.100000000000e-02	2.890265241303e+00	-3.971190960627e-02	1.019628537376e-02	1.105012007990e+02
374	7	24	4.100000000000e-02	3.015928947446e+00	-4.067670275389e-02	5.138662576136e-03	1.096963385637e+02
375	7	25	4.100000000000e-02	3.141592653590e+00	-4.100000000000e-02	-1.318660572735e-17	1.089420299322e+02
376	7	26	4.100000000000e-02	3.267256359733e+00	-4.067670275389e-02	-5.138662576136e-03	1.082615657856e+02
377	7	27	4.100000000000e-02	3.392920065877e+00	-3.971190960627e-02	-1.019628537376e-02	1.076542824667e+02
378	7	28	4.100000000000e-02	3.518583772021e+00	-3.812083592142e-02	-1.509310666007e-02	1.071142745677e+02
379	7	29	4.100000000000e-02	3.644247478164e+00	-3.592857388180e-02	-1.975190063817e-02	1.066363265411e+02
380	7	30	4.100000000000e-02	3.769911184308e+00	-3.316969676937e-02	-2.409919534399e-02	1.062167018505e+02
381	7	31	4.100000000000e-02	3.895574890451e+00	-2.988771372428e-02	-2.806643134308e-02	1.058528545853e+02
382	7	32	4.100000000000e-02	4.021238596595e+00	-2.613438357970e-02	-3.159104295381e-02	1.055430662330e+02
383	7	33	4.100000000000e-02	4.146902302739e+00	-2.196889859414e-02	-3.461744494558e-02	1.052861750093e+02
384	7	34	4.100000000000e-02	4.272566008882e+00	-1.745695095417e-02	-3.709790915111e-02	1.050813946015e+02
385	7	35	4.100000000000e-02	4.398229715026e+00	-1.266969676937e-02	-3.899331716810e-02	1.049281967032e+02
386	7	36	4.100000000000e-02	4.523893421169e+00	-7.682633898015e-03	-4.027377727988e-02	1.048262362258e+02
387	7	37	4.100000000000e-02	4.649557127313e+00	-2.574411300702e-03	-4.091909586556e-02	1.047753049841e+02
388	7	38	4.100000000000e-02	4.775220833456e+00	2.574411300702e-03	-4.091909586556e-02	1.047753049843e+02
389	7	39	4.100000000000e-02	4.900884539600e+00	7.682633898015e-03	-4.027377727988e-02	1.048262362265e+02
390	7	40	4.100000000000e-02	5.026548245744e+00	1.266969676937e-02	-3.899331716810e-02	1.049281967043e+02
391	7	41	4.100000000000e-02	5.152211951887e+00	1.745695095417e-02	-3.709790915111e-02	1.050813946032e+02
392	7	42	4.100000000000e-02	5.277875658031e+00	2.196889859414e-02	-3.461744494558e-02	1.052861750113e+02
393	7	43	4.100000000000e-02	5.403539364174e+00	2.613438357970e-02	-3.159104295381e-02	1.055430662355e+02
394	7	44	4.100000000000e-02	5.529203070318e+00	2.988771372428e-02	-2.806643134308e-02	1.058528545883e+02
395	7	45	4.100000000000e-02	5.654866776462e+00	3.316969676937e-02	-2.409919534399e-02	1.062167018539e+02
396	7	46	4.100000000000e-02	5.780530482605e+00	3.592857388180e-02	-1.975190063817e-02	1.066363265450e+02
397	7	47	4.100000000000e-02	5.906194188749e+00	3.812083592142e-02	-1.509310666007e-02	1.071142745720e+02
398	7	48	4.100000000000e-02	6.031857894892e+00	3.971190960627e-02	-1.019628537376e-02	1.076542824715e+02
399	7	49	4.100000000000e-02	6.157521601036e+00	4.067670275389e-02	-5.138662576136e-03	1.082615657909e+02
400	8	0	4.400000000000e-02	0.000000000000e+00	4.400000000000e-02	0.000000000000e+00	1.088116211161e+02
401	8	1	4.400000000000e-02	1.256637061436e-01	4.365304685784e-02	5.514662276829e-03	1.096102129391e+02
402	8	2	4.400000000000e-02	2.513274122872e-01	4.261765908966e-02	1.094235503525e-02	1.104697899767e+02
403	8	3	4.400000000000e-02	3.769911184308e-01	4.091016537908e-02	1.619748031813e-02	1.113550007985e+02
404	8	4	4.400000000000e-02	5.026548245744e-01	3.855749392193e-02	2.119716166048e-02	1.122353434998e+02
405	8	5	4.400000000000e-02	6.283185307180e-01	3.559674775250e-02	2.586255110087e-02	1.130843693185e+02
406	8	6	4.400000000000e-02	7.539822368616e-01	3.207461960654e-02	3.012007266086e-02	1.138788806508e+02
407	8	7	4.400000000000e-02	8.796459430051e-01	2.804665554894e-02	3.390258268213e-02	1.145985447804e+02
408	8	8	4.400000000000e-02	1.005309649149e+00	2.357637897908e-02	3.715042872209e-02	1.152257687871e+02
409	8	9	4.400000000000e-02	1.130973355292e+00	1.873428882886e-02	3.981239030850e-02	1.157457086794e+02
410	8	10	4.400000000000e-02	1.256637061436e+00	1.359674775250e-02	4.184648671699e-02	1.161463389263e+02
411	8	11	4.400000000000e-02	1.382300767580e+00	8.244777841772e-03	4.322063903206e-02	1.164185403614e+02
412	8	12	4.400000000000e-02	1.507964473723e+00	2.762782859290e-03	4.391317605084e-02	1.165561819467e+02
413	8	13	4.400000000000e-02	1.633628179867e+00	-2.762782859290e-03	4.391317605084e-02	1.165561819470e+02
414	8	14	4.400000000000e-02	1.759291886010e+00	-8.244777841772e-03	4.322063903206e-02	1.164185403621e+02
415	8	15	4.400000000000e-02	1.884955592154e+00	-1.359674775250e-02	4.184648671699e-02	1.161463389275e+02
416	8	16	4.400000000000e-02	2.010619298297e+00	-1.873428882886e-02	3.981239030850e-02	1.157457086810e+02
417	8	17	4.400000000000e-02	2.136283004441e+00	-2.357637897908e-02	3.715042872209e-02	1.152257687891e+02
418	8	18	4.400000000000e-02	2.261946710585e+00	-2.804665554894e-02	3.390258268213e-02	1.145985447829e+02
419	8	19	4.400000000000e-02	2.387610416728e+00	-3.207461960654e-02	3.012007266086e-02	1.138788806537e+02
420	8	20	4.400000000000e-02	2.513274122872e+00	-3.559674775250e-02	2.586255110087e-02	1.130843693219e+02
421	8	21	4.400000000000e-02	2.638937829015e+00	-3.855749392193e-02	2.119716166048e-02	1.122353435037e+02
422	8	22	4.400000000000e-02	2.764601535159e+00	-4.091016537908e-02	1.619748031813e-02	1.113550008029e+02
423	8	23	4.400000000000e-02	2.890265241303e+00	-4.261765908966e-02	1.094235503525e-02	1.104697899816e+02
424	8	24	4.400000000000e-02	3.015928947446e+00	-4.365304685784e-02	5.514662276829e-03	1.096102129444e+02
425	8	25	4.400000000000e-02	3.141592653590e+00	-4.400000000000e-02	-1.415147931715e-17	1.088116211219e+02
426	8	26	4.400000000000e-02	3.267256359733e+00	-4.365304685784e-02	-5.514662276829e-03	1.081090336476e+02
427	8	27	4.400000000000e-02	3.392920065877e+00	-4.261765908966e-02	-1.094235503525e-02	1.074911058822e+02
428	8	28	4.400000000000e-02	3.518583772021e+00	-4.091016537908e-02	-1.619748031813e-02	1.069457875287e+02
429	8	29	4.400000000000e-02	3.644247478164e+00	-3.855749392193e-02	-2.119716166048e-02	1.064651369819e+02
430	8	30	4.400000000000e-02	3.769911184308e+00	-3.559674775250e-02	-2.586255110087e-02	1.060441691564e+02
431	8	31	4.400000000000e-02	3.895574890451e+00	-3.207461960654e-02	-3.012007266086e-02	1.056797150067e+02
432	8	32	4.400000000000e-02	4.021238596595e+00	-2.804665554894e-02	-3.390258268213e-02	1.053697193947e+02
433	8	33	4.400000000000e-02	4.146902302739e+00	-2.357637897908e-02	-3.715042872209e-02	1.051128277491e+02
434	8	34	4.400000000000e-02	4.272566008882e+00	-1.873428882886e-02	-3.981239030850e-02	1.049081391106e+02
435	8	35	4.400000000000e-02	4.398229715026e+00	-1.359674775250e-02	-4.184648671699e-02	1.047550557729e+02
436	8	36	4.400000000000e-02	4.523893421169e+00	-8.244777841772e-03	-4.322063903206e-02	1.046531909636e+02
437	8	37	4.400000000000e-02	4.649557127313e+00	-2.762782859290e-03	-4.391317605084e-02	1.046023128930e+02
438	8	38	4.400000000000e-02	4.775220833456e+00	2.762782859290e-03	-4.391317605084e-02	1.046023128933e+02
439	8	39	4.400000000000e-02	4.900884539600e+00	8.244777841772e-03	-4.322063903206e-02	1.046531909643e+02
440	8	40	4.400000000000e-02	5.026548245744e+00	1.359674775250e-02	-4.184648671699e-02	1.047550557741e+02
441	8	41	4.400000000000e-02	5.152211951887e+00	1.873428882886e-02	-3.981239030850e-02	1.049081391122e+02
442	8	42	4.400000000000e-02	5.277875658031e+00	2.357637897908e-02	-3.715042872209e-02	1.051128277511e+02
443	8	43	4.400000000000e-02	5.403539364174e+00	2.804665554894e-02	-3.390258268213e-02	1.053697193972e+02
444	8	44	4.400000000000e-02	5.529203070318e+00	3.207461960654e-02	-3.012007266086e-02	1.056797150097e+02
445	8	45	4.400000000000e-02	5.654866776462e+00	3.559674775250e-02	-2.586255110087e-02	1.060441691598e+02
446	8	46	4.400000000000e-02	5.780530482605e+00	3.855749392193e-02	-2.119716166048e-02	1.064651369858e+02
447	8	47	4.400000000000e-02	5.906194188749e+00	4.091016537908e-02	-1.619748031813e-02	1.069457875330e+02
448	8	48	4.400000000000e-02	6.031857894892e+00	4.261765908966e-02	-1.094235503525e-02	1.074911058871e+02
449	8	49	4.400000000000e-02	6.157521601036e+00	4.365304685784e-02	-5.514662276829e-03	1.081090336529e+02
450	9	0	4.700000000000e-02	0.000000000000e+00	4.700000000000e-02	0.000000000000e+00	1.086624800628e+02
451	9	1	4.700000000000e-02	1.256637061436e-01	4.662939096178e-02	5.890661977522e-03	1.095124045932e+02
452	9	2	4.700000000000e-02	2.513274122872e-01	4.552340857305e-02	1.168842469675e-02	1.104331527490e+02
453	9	3	4.700000000000e-02	3.769911184308e-01	4.369949483675e-02	1.730185397618e-02	1.113811954084e+02
454	9	4	4.700000000000e-02	5.026548245744e-01	4.118641396206e-02	2.264242268278e-02	1.123227788827e+02
455	9	5	4.700000000000e-02	6.283185307180e-01	3.802379873562e-02	2.762590685775e-02	1.132296296230e+02
456	9	6	4.700000000000e-02	7.539822368616e-01	3.426152548881e-02	3.217371397865e-02	1.140772503690e+02
457	9	7	4.700000000000e-02	8.796459430051e-01	2.995892751819e-02	3.621412241046e-02	1.148442743639e+02
458	9	8	4.700000000000e-02	1.005309649149e+00	2.518385936401e-02	3.968341249859e-02	1.155122550501e+02
459	9	9	4.700000000000e-02	1.130973355292e+00	2.001162670356e-02	4.252687146590e-02	1.160656454344e+02
460	9	10	4.700000000000e-02	1.256637061436e+00	1.452379873562e-02	4.469965626587e-02	1.164918579447e+02
461	9	11	4.700000000000e-02	1.382300767580e+00	8.806921785529e-03	4.616750078425e-02	1.167813503832e+02
462	9	12	4.700000000000e-02	1.507964473723e+00	2.951154417878e-03	4.690725623613e-02	1.169277084950e+02
463	9	13	4.700000000000e-02	1.633628179867e+00	-2.951154417878e-03	4.690725623613e-02	1.169277084953e+02
464	9	14	4.700000000000e-02	1.759291886010e+00	-8.806921785529e-03	4.616750078425e-02	1.167813503839e+02
465	9	15	4.700000000000e-02	1.884955592154e+00	-1.452379873562e-02	4.469965626587e-02	1.164918579459e+02
466	9	16	4.700000000000e-02	2.010619298297e+00	-2.001162670356e-02	4.252687146590e-02	1.160656454360e+02
467	9	17	4.700000000000e-02	2.136283004441e+00	-2.518385936401e-02	3.968341249859e-02	1.155122550522e+02
468	9	18	4.700000000000e-02	2.261946710585e+00	-2.995892751819e-02	3.621412241046e-02	1.148442743664e+02
469	9	19	4.700000000000e-02	2.387610416728e+00	-3.426152548881e-02	3.217371397865e-02	1.140772503720e+02
470	9	20	4.700000000000e-02	2.513274122872e+00	-3.802379873562e-02	2.762590685775e-02	1.132296296265e+02
471	9	21	4.700000000000e-02	2.638937829015e+00	-4.118641396206e-02	2.264242268278e-02	1.123227788866e+02
472	9	22	4.700000000000e-02	2.764601535159e+00	-4.369949483675e-02	1.730185397618e-02	1.113811954127e+02
473	9	23	4.700000000000e-02	2.890265241303e+00	-4.552340857305e-02	1.168842469675e-02	1.104331527538e+02
474	9	24	4.700000000000e-02	3.015928947446e+00	-4.662939096178e-02	5.890661977522e-03	1.095124045985e+02
475	9	25	4.700000000000e-02	3.141592653590e+00	-4.700000000000e-02	-1.511635290696e-17	1.086624800686e+02
476	9	26	4.700000000000e-02	3.267256359733e+00	-4.662939096178e-02	-5.890661977522e-03	1.079424575526e+02
477	9	27	4.700000000000e-02	3.392920065877e+00	-4.552340857305e-02	-1.168842469675e-02	1.073180176647e+02
478	9	28	4.700000000000e-02	3.518583772021e+00	-4.369949483675e-02	-1.730185397618e-02	1.067699998217e+02
479	9	29	4.700000000000e-02	3.644247478164e+00	-4.118641396206e-02	-2.264242268278e-02	1.062882441028e+02
480	9	30	4.700000000000e-02	3.769911184308e+00	-3.802379873562e-02	-2.762590685775e-02	1.058669238682e+02
481	9	31	4.700000000000e-02	3.895574890451e+00	-3.426152548881e-02	-3.217371397865e-02	1.055024879074e+02
482	9	32	4.700000000000e-02	4.021238596595e+00	-2.995892751819e-02	-3.621412241046e-02	1.051926843220e+02
483	9	33	4.700000000000e-02	4.146902302739e+00	-2.518385936401e-02	-3.968341249859e-02	1.049360487685e+02
484	9	34	4.700000000000e-02	4.272566008882e+00	-2.001162670356e-02	-4.252687146590e-02	1.047316160042e+02
485	9	35	4.700000000000e-02	4.398229715026e+00	-1.452379873562e-02	-4.469965626587e-02	1.045787497807e+02
486	9	36	4.700000000000e-02	4.523893421169e+00	-8.806921785529e-03	-4.616750078425e-02	1.044770403178e+02
487	9	37	4.700000000000e-02	4.649557127313e+00	-2.951154417878e-03	-4.690725623613e-02	1.044262428483e+02
488	9	38	4.700000000000e-02	4.775220833456e+00	2.951154417878e-03	-4.690725623613e-02	1.044262428485e+02
489	9	39	4.700000000000e-02	4.900884539600e+00	8.806921785529e-03	-4.616750078425e-02	1.044770403185e+02
490	9	40	4.700000000000e-02	5.026548245744e+00	1.452379873562e-02	-4.469965626587e-02	1.045787497819e+02
491	9	41	4.700000000000e-02	5.152211951887e+00	2.001162670356e-02	-4.252687146590e-02	1.047316160058e+02
492	9	42	4.700000000000e-02	5.277875658031e+00	2.518385936401e-02	-3.968341249859e-02	1.049360487706e+02
493	9	43	4.700000000000e-02	5.403539364174e+00	2.995892751819e-02	-3.621412241046e-02	1.051926843245e+02
494	9	44	4.700000000000e-02	5.529203070318e+00	3.426152548881e-02	-3.217371397865e-02	1.055024879104e+02
495	9	45	4.700000000000e-02	5.654866776462e+00	3.802379873562e-02	-2.762590685775e-02	1.058669238716e+02
496	9	46	4.700000000000e-02	5.780530482605e+00	4.118641396206e-02	-2.264242268278e-02	1.062882441066e+02
497	9	47	4.700000000000e-02	5.906194188749e+00	4.369949483675e-02	-1.730185397618e-02	1.067699998261e+02
498	9	48	4.700000000000e-02	6.031857894892e+00	4.552340857305e-02	-1.168842469675e-02	1.073180176695e+02
499	9	49	4.700000000000e-02	6.157521601036e+00	4.662939096178e-02	-5.890661977522e-03	1.079424575578e+02
500	10	0	5.000000000000e-02	0.000000000000e+00	5.000000000000e-02	0.000000000000e+00	1.084900854990e+02
501	10	1	5.000000000000e-02	1.256637061436e-01	4.960573506572e-02	6.266661678215e-03	1.094029385832e+02
502	10	2	5.000000000000e-02	2.513274122872e-01	4.842915805643e-02	1.243449435824e-02	1.103919574391e+02
503	10	3	5.000000000000e-02	3.769911184308e-01	4.648882429441e-02	1.840622763423e-02	1.114073846918e+02
504	10	4	5.000000000000e-02	5.026548245744e-01	4.381533400219e-02	2.408768370509e-02	1.124134899401e+02
505	10	5	5.000000000000e-02	6.283185307180e-01	4.045084971875e-02	2.938926261462e-02	1.133807137267e+02
506	10	6	5.000000000000e-02	7.539822368616e-01	3.644843137107e-02	3.422735529643e-02	1.142835009883e+02
507	10	7	5.000000000000e-02	8.796459430051e-01	3.187119948743e-02	3.852566213879e-02	1.150995674701e+02
508	10	8	5.000000000000e-02	1.005309649149e+00	2.679133974895e-02	4.221639627510e-02	1.158096709389e+02
509	10	9	5.000000000000e-02	1.130973355292e+00	2.128896457825e-02	4.524135262330e-02	1.163975899184e+02
510	10	10	5.000000000000e-02	1.256637061436e+00	1.545084971875e-02	4.755282581476e-02	1.168501880708e+02
511	10	11	5.000000000000e-02	1.382300767580e+00	9.369065729286e-03	4.911436253643e-02	1.171575056892e+02
512	10	12	5.000000000000e-02	1.507964473723e+00	3.139525976466e-03	4.990133642141e-02	1.173128471873e+02
513	10	13	5.000000000000e-02	1.633628179867e+00	-3.139525976466e-03	4.990133642141e-02	1.173128471875e+02
514	10	14	5.000000000000e-02	1.759291886010e+00	-9.369065729286e-03	4.911436253643e-02	1.171575056899e+02
515	10	15	5.000000000000e-02	1.884955592154e+00	-1.545084971875e-02	4.755282581476e-02	1.168501880719e+02
516	10	16	5.000000000000e-02	2.010619298297e+00	-2.128896457825e-02	4.524135262330e-02	1.163975899200e+02
517	10	17	5.000000000000e-02	2.136283004441e+00	-2.679133974895e-02	4.221639627510e-02	1.158096709410e+02
518	10	18	5.000000000000e-02	2.261946710585e+00	-3.187119948743e-02	3.852566213879e-02	1.150995674726e+02
519	10	19	5.000000000000e-02	2.387610416728e+00	-3.644843137107e-02	3.422735529643e-02	1.142835009913e+02
520	10	20	5.000000000000e-02	2.513274122872e+00	-4.045084971875e-02	2.938926261462e-02	1.133807137301e+02
521	10	21	5.000000000000e-02	2.638937829015e+00	-4.381533400219e-02	2.408768370509e-02	1.124134899440e+02
522	10	22	5.000000000000e-02	2.764601535159e+00	-4.648882429441e-02	1.840622763423e-02	1.114073846961e+02
523	10	23	5.000000000000e-02	2.890265241303e+00	-4.842915805643e-02	1.243449435824e-02	1.103919574439e+02
524	10	24	5.000000000000e-02	3.015928947446e+00	-4.960573506572e-02	6.266661678215e-03	1.094029385885e+02
525	10	25	5.000000000000e-02	3.141592653590e+00	-5.000000000000e-02	-1.608122649677e-17	1.084900855047e+02
526	10	26	5.000000000000e-02	3.267256359733e+00	-4.960573506572e-02	-6.266661678215e-03	1.077622871025e+02
527	10	27	5.000000000000e-02	3.392920065877e+00	-4.842915805643e-02	-1.243449435824e-02	1.071365285260e+02
528	10	28	5.000000000000e-02	3.518583772021e+00	-4.648882429441e-02	-1.840622763423e-02	1.065885184050e+02
529	10	29	5.000000000000e-02	3.644247478164e+00	-4.381533400219e-02	-2.408768370509e-02	1.061071826798e+02
530	10	30	5.000000000000e-02	3.769911184308e+00	-4.045084971875e-02	-2.938926261462e-02	1.056864197256e+02
531	10	31	5.000000000000e-02	3.895574890451e+00	-3.644843137107e-02	-3.422735529643e-02	1.053225638593e+02
532	10	32	5.000000000000e-02	4.021238596595e+00	-3.187119948743e-02	-3.852566213879e-02	1.050133065448e+02
533	10	33	5.000000000000e-02	4.146902302739e+00	-2.679133974895e-02	-4.221639627510e-02	1.047571525774e+02
534	10	34	5.000000000000e-02	4.272566008882e+00	-2.128896457825e-02	-4.524135262330e-02	1.045531189378e+02
535	10	35	5.000000000000e-02	4.398229715026e+00	-1.545084971875e-02	-4.755282581476e-02	1.044005588540e+02
536	10	36	5.000000000000e-02	4.523893421169e+00	-9.369065729286e-03	-4.911436253643e-02	1.042990563263e+02
537	10	37	5.000000000000e-02	4.649557127313e+00	-3.139525976466e-03	-4.990133642141e-02	1.042483631060e+02
538	10	38	5.000000000000e-02	4.775220833456e+00	3.139525976466e-03	-4.990133642141e-02	1.042483631062e+02
539	10	39	5.000000000000e-02	4.900884539600e+00	9.369065729286e-03	-4.911436253643e-02	1.042990563270e+02
540	10	40	5.000000000000e-02	5.026548245744e+00	1.545084971875e-02	-4.755282581476e-02	1.044005588552e+02
541	10	41	5.000000000000e-02	5.152211951887e+00	2.128896457825e-02	-4.524135262330e-02	1.045531189394e+02
542	10	42	5.000000000000e-02	5.277875658031e+00	2.679133974895e-02	-4.221639627510e-02	1.047571525794e+02
543	10	43	5.000000000000e-02	5.403539364174e+00	3.187119948743e-02	-3.852566213879e-02	1.050133065473e+02
544	10	44	5.000000000000e-02	5.529203070318e+00	3.644843137107e-02	-3.422735529643e-02	1.053225638622e+02
545	10	45	5.000000000000e-02	5.654866776462e+00	4.045084971875e-02	-2.938926261462e-02	1.056864197290e+02
546	10	46	5.000000000000e-02	5.780530482605e+00	4.381533400219e-02	-2.408768370509e-02	1.061071826837e+02
547	10	47	5.000000000000e-02	5.906194188749e+00	4.648882429441e-02	-1.840622763423e-02	1.065885184094e+02
548	10	48	5.000000000000e-02	6.031857894892e+00	4.842915805643e-02	-1.243449435824e-02	1.071365285308e+02
549	10	49	5.000000000000e-02	6.157521601036e+00	4.960573506572e-02	-6.266661678215e-03	1.077622871078e+02
